3789
1015
4586
3916
6095
8751
1346
738
6597
7542
4259
3095
5206
2795
7887
5353
5361
9709
1027
7364
3681
9023
8992
2493
7916
2636
6032
2475
7478
1329
1354
4930
8836
7003
2865
9229
2586
8029
2470
6999
981
3453
7214
2359
1124
7708
2623
5494
1425
2081
9860
7357
4446
3842
1775
1504
7835
4878
9886
8657
4627
4185
8790
1858
9014
5540
8044
2299
9154
2888
4595
500
874
3391
7055
1711
7353
5168
4648
6982
8559
8741
1018
7180
9802
3610
1513
3427
1088
9076
6786
937
2137
988
2381
9039
2121
9031
7039
5881
8555
323
2651
4635
665
6144
760
2197
9751
7896
8190
6525
8944
6492
2810
5814
1865
4285
6401
6730
8321
5764
6338
1369
4266
7790
4099
9214
9441
6248
9277
1162
6120
179
7620
9952
9494
9923
3822
8172
8804
6538
4806
65
4984
172
7000
8077
1262
4958
6124
3339
370
4608
6432
932
3627
9029
3293
5011
8241
3035
2444
3156
6095
843
3729
3928
5523
4494
9749
4408
7603
8009
4194
7428
9530
4983
8232
4215
8303
5010
493
6040
6982
7758
6736
6015
6128
3954
1262
7105
6126
1796
9022
811
259
7711
3175
1527
2807
179
8401
6270
2855
2010
696
9514
634
2178
5725
3478
9919
348
168
1237
4706
6384
7336
9564
7277
6043
2298
541
827
3350
6152
8513
2424
8132
184
8369
6468
168
8630
192
182
3184
4460
7256
9949
7074
9453
9760
4466
8801
3985
5224
6457
9676
826
9937
2615
6947
6918
6187
6189
9207
621
6907
7922
3709
586
5497
3999
4287
3399
3588
5955
6031
2881
2162
1063
2985
474
7576
3116
9316
4589
6611
9312
7844
2268
5488
9376
2351
8725
2238
2903
8217
131
6734
7077
9903
6257
1348
4059
6893
969
461
9778
8988
4010
3100
4187
8572
9273
2931
49
2073
670
4170
458
7709
7055
4031
5933
9794
3467
1803
5310
8114
3212
4813
2853
8525
4255
9909
7740
4470
6800
3743
9047
1387
9294
8441
781
2863
141
2643
3829
7813
2107
9890
300
1355
5018
3441
8003
9217
9964
405
1189
9540
9885
2236
8838
8476
4362
6081
855
6398
4223
1582
1317
3102
8270
1614
9123
1797
7212
4909
9340
9963
757
143
3850
3586
5008
3610
9796
2766
8637
9698
6673
8740
7578
4575
9516
2894
8597
9804
704
9081
8540
5758
1586
6267
7200
3903
7102
1636
5592
1974
7258
8688
3346
5717
1975
2710
8420
4959
1125
976
7441
148
502
5319
8471
7946
2763
9146
9140
2105
9146
5131
8121
5811
1841
9670
471
3359
4900
6591
9558
8625
8675
1383
6229
903
2695
5402
635
994
1211
4552
684
5343
2583
7023
3047
4385
983
3457
124
5325
9338
2135
1643
4482
6470
8738
5111
6371
5961
4265
9626
7266
907
6852
3186
6042
6927
3012
2201
1081
1144
7133
9970
6216
8120
1233
7903
4025
6228
7450
8640
4316
5123
2019
3142
8862
7237
1043
4437
9934
7841
7896
7495
7053
214
6876
1582
3458
7923
1254
9698
903
2242
816
3432
4179
5230
8064
4227
1989
438
3782
6916
1817
9498
1873
621
7323
9522
4686
2916
229
1230
1118
691
6902
3000
3346
8716
2514
4214
1222
6473
6784
3867
4551
7905
9588
8125
3954
6887
2089
6833
3819
1949
5754
6674
4311
4246
5805
8129
6662
1112
8252
5335
1296
4384
3378
7573
7259
5600
8063
3548
2838
227
5816
5385
6245
4113
3710
6488
5786
5134
3481
2777
9820
4413
704
4160
5767
7139
8
6246
464
3734
7159
3182
8082
5491
4339
8034
2330
3758
9644
7626
5163
2356
9971
286
9487
77
486
2180
6444
7566
7641
3923
8206
7738
6706
200
4326
5768
3168
1141
1087
9520
4905
7879
7832
304
3823
1425
6947
3915
2447
7700
3610
3200
8598
3504
3992
3064
4623
9556
8203
5049
5725
6049
4644
3880
3170
4877
7256
7531
9738
9491
7255
1404
2247
7863
5014
7226
9977
7015
1563
5946
6185
6637
485
5402
1379
1026
1605
710
2190
2045
2140
6964
8826
7368
2915
4537
7428
7523
2657
7919
8424
2962
3885
4174
4148
2145
5952
7510
5989
4248
5365
9775
1281
7130
9617
7768
2384
4327
1433
5148
8359
7874
2548
5410
5090
7580
4782
4611
7454
9551
6229
2999
2768
1671
3652
9576
3845
3738
4026
152
5015
3897
5686
1183
1065
8254
4305
5340
9040
885
2424
4540
6830
296
197
8265
6091
9154
7161
4745
962
1829
392
7016
5797
2486
9489
9744
5854
4838
7208
2212
4452
6812
3857
1260
1286
2766
9483
6459
9623
4911
3191
332
2758
2242
7780
1963
9928
1836
8537
1520
6116
3832
3934
8006
2091
9668
6439
2777
7859
2888
3405
9518
1502
8583
2171
4428
3883
8029
5186
8616
7305
521
2921
9200
1011
197
9733
9485
4653
8448
9025
1323
5786
9100
4954
292
1223
7651
9722
1112
1671
2996
3679
9145
5387
156
2566
5635
9821
640
5305
3177
3786
663
1427
8826
5099
6964
5180
4419
2894
4720
9686
7278
9750
8006
7042
6887
6843
9816
4047
159
4830
1232
1376
650
8014
7888
7369
1396
4432
1851
3062
4432
1247
108
1096
7568
1552
3652
541
8464
7744
5954
2779
1741
7756
2234
8744
6068
7149
9400
2777
7156
3038
621
1845
2469
9531
6728
1877
4738
3576
6561
6219
8338
1995
2574
1628
4293
8631
5144
3628
7722
1605
8664
9380
2669
8769
6571
6274
4076
8159
3685
9165
155
7001
3441
9954
7198
7878
8486
6993
1156
9608
8774
7390
995
3857
8256
3156
2926
5763
9253
4572
1475
899
4456
774
7440
1881
3358
450
3078
3911
5748
4862
870
7284
4448
4540
280
387
7712
8414
2107
869
6031
4769
9639
2199
4422
4723
9053
8377
4895
3779
8000
3725
3348
5316
6909
4360
9654
4989
6997
4056
2186
368
7803
7218
397
2421
6505
9383
6169
3042
8717
162
2879
4441
6081
4161
3844
8446
2184
6173
9353
1171
3684
7031
3106
835
5957
9601
8008
7271
716
951
4873
1000
2141
1112
509
290
979
5365
3284
8304
5597
276
1691
1354
9014
1281
3582
2808
8179
2194
8215
8818
245
2149
4372
870
2526
6681
8999
1396
6352
6166
2231
3849
9473
6874
8627
758
5083
7712
8727
6109
7695
9439
9687
1736
6874
7996
3240
4214
9216
2637
8046
1330
3237
6188
1680
1729
4907
9812
8328
6296
1941
4474
3702
4856
4281
8523
6324
7095
4196
6750
949
7708
9976
2054
598
6071
3345
6759
8294
8618
165
7458
1730
456
2441
8270
9449
7977
4800
7637
5678
3559
7198
7384
9964
5928
5659
6640
6884
4952
1348
498
6097
2370
123
6542
6189
3514
7886
1605
2892
5067
4501
772
1958
7448
6245
5153
8451
6033
5938
5137
4478
6660
5345
499
124
9469
4987
8829
1990
6300
4397
6433
2897
610
4076
1291
2415
5927
9718
6714
6654
1194
2852
4888
1983
566
8716
5336
7137
6206
7523
9019
2492
7077
3760
5839
8297
9308
1995
3525
7406
9545
4676
9821
2360
8528
7296
4064
9089
1585
9789
586
5665
509
2039
7650
9104
6710
9044
8087
6265
7427
537
7480
1547
3693
9888
5280
6105
792
7393
8285
545
1841
6333
588
5354
4817
6153
2098
8646
6619
7831
617
6519
3528
4033
9765
7998
892
703
834
8382
4756
7912
8044
7151
6383
8676
1659
8319
4710
8464
8841
7026
1113
9963
3232
1354
5224
5053
4965
7603
8026
4696
4363
8085
5278
822
7462
4204
8076
8658
8893
6836
4438
5811
4363
4541
5600
9730
2882
782
6601
1100
3452
8182
1349
1411
3391
5054
5225
4624
7996
763
2515
8019
6485
2799
9235
4731
8521
2863
7321
6160
733
1663
7004
542
8264
969
8836
588
5467
540
9894
8586
731
6609
2058
5802
5692
3209
6505
6452
8476
5283
1512
5869
1562
5674
2348
867
1873
3018
3833
527
7332
9459
8747
4813
9000
3478
3088
8903
3784
3644
7264
2221
1945
8198
9114
4033
5420
1231
700
9839
633
318
2958
3722
6237
4600
4604
3394
5299
9058
8718
2161
6392
948
1494
7732
1390
8456
1494
615
3327
1650
3931
6809
7612
1274
7193
6271
657
1780
1413
4276
1510
1937
1833
7534
5349
8366
1447
9212
4674
5834
3006
2555
4972
5366
3330
1448
7519
4788
571
7968
4275
7554
6476
819
9509
7616
765
2486
1888
2156
9160
8408
3880
1727
6781
1213
5619
5153
2626
4646
9556
6455
315
1889
8868
3485
5729
7068
975
8782
2434
4469
8009
9472
8998
9517
1579
9773
6665
7292
2894
8411
9865
6478
2739
9981
750
2762
6988
5907
7537
6835
1258
925
138
8311
420
4621
8122
8037
1809
3641
3969
2395
5939
1055
8445
3726
704
8372
7121
8995
1934
5301
3581
7738
8842
5023
8671
3066
2325
4553
7814
8951
1739
287
9775
2352
6705
3226
2510
1845
8762
4362
2059
6294
7511
4245
118
599
3673
9370
2472
8480
1396
3086
9592
7808
5826
8184
4694
6049
304
3208
9255
1062
2393
4321
6878
3841
3453
7704
9988
9330
318
9876
4691
8218
5111
517
5861
4622
3210
354
8931
6902
9620
1114
7965
8532
718
9516
7270
2418
4915
8690
8280
1301
6233
9208
9707
1246
7470
5979
1901
6767
7489
2380
1775
3419
5449
8115
1484
6981
6406
561
7799
3082
3074
9070
6672
4251
8980
7136
4738
8435
9761
2157
8412
7015
7279
632
9882
4459
8423
8823
5615
5553
7318
6741
1009
476
5952
8723
7953
6915
3170
2522
5254
2545
1395
2300
7861
6568
1989
6616
6063
22
62
3804
5207
7296
6158
7796
5550
956
8316
880
8573
4683
1761
8852
5231
2018
4113
1882
1672
9673
9905
4722
5365
1660
4793
345
6049
8368
9064
231
3826
9200
2158
1506
4718
4549
3739
3696
4221
7972
7505
8378
4252
2705
8232
7709
1163
9745
1726
730
2180
4701
9432
1420
6376
9794
4330
6713
9112
8902
6511
6258
4253
2213
8822
1829
9460
4601
7321
8194
8025
4536
2043
2906
9119
9639
5389
2787
586
8284
3964
6312
9897
5714
5323
1597
3043
1142
9833
8209
7549
1902
6623
4604
4917
9160
2072
5911
7102
7872
2157
7339
4872
1404
4044
1746
4187
9314
9780
6090
9264
6057
6992
9688
4924
1116
2478
2361
3066
3627
9050
6579
6548
5580
59
8714
5822
1551
5578
8542
9231
4367
4715
3618
8380
8835
7722
2519
2163
853
1379
4903
3697
8618
8525
7070
4944
4560
1988
6883
5921
4790
2561
1348
914
5652
5465
2991
44
9596
3487
2237
1211
5256
7494
680
2890
3347
3160
8974
1899
8564
9020
5566
1169
3604
2471
1822
6890
1121
3313
6927
8619
3787
1683
505
906
4027
714
2848
8578
9316
731
5320
231
49
2883
6292
1719
414
8457
2713
4792
3939
3795
4434
9379
5323
6514
3261
9597
99
9803
2482
3742
4973
7666
3316
7296
7556
4917
1088
3926
2906
3410
4066
1606
9534
7750
5175
8725
3449
1380
2686
3069
4983
5182
9735
3965
9186
3650
9485
8333
7082
8692
576
9933
3010
4836
5466
1113
7172
1228
1636
8699
3508
2409
9921
9757
3361
1539
6424
2184
8728
9370
6831
7199
7651
9583
4258
65
1327
7740
6067
9503
3451
1873
1324
5611
2252
7596
7264
5176
9789
8532
1231
7556
4180
9922
648
4735
9632
8749
5401
5622
8350
3664
6897
2609
2043
7018
4471
965
3332
7474
7956
8038
681
6421
2907
1373
8736
558
8760
4914
2357
2176
7654
9702
3983
9091
9259
9648
3022
2216
9262
7298
5633
4475
137
6343
9636
4948
5881
6187
8646
3418
882
1319
3032
6965
4032
8439
7138
8078
6056
8266
3263
869
8749
9990
969
3023
5118
4709
2896
3482
7916
6656
2995
270
5802
2086
8913
1873
6589
3017
1385
3591
8563
8613
3965
6869
1551
3085
6805
9488
5458
6629
7648
5207
4071
3414
5925
442
3765
9345
2664
7605
7655
371
4985
2717
7703
7009
9462
9957
4502
8417
1280
1997
4121
2452
8363
4776
8270
8884
4654
8329
2476
1365
9259
8026
6648
6459
329
856
7972
7289
3852
5070
226
769
2038
9244
9814
637
695
2963
4377
728
8336
5696
5418
6345
2134
1043
6974
7629
7825
6459
6777
9473
7972
5313
69
1705
7751
813
8335
8912
1280
1784
1873
8428
9376
447
3209
7293
9033
9440
5001
8114
4557
8597
9064
9143
9250
5754
6294
2671
9810
5692
4812
4683
1151
3536
6498
3876
6772
9678
6170
4650
246
5224
5113
8921
9337
8762
4422
6917
1599
9456
3499
9491
8091
2718
9417
8323
2772
2160
4664
9165
6213
7951
171
4327
1489
365
1906
96
5460
141
3113
6620
244
8674
3998
1981
1558
7394
5008
5946
141
8470
594
446
798
2657
4367
4512
8591
9002
7064
6603
9389
8488
7945
1513
9757
9786
7641
5233
7482
1904
3024
5785
8093
4441
3187
6554
1179
6857
762
2783
3352
983
3939
4345
5529
1985
5984
6819
1399
9068
6219
9212
1087
332
473
7526
3911
747
7452
2266
2363
1034
3427
150
181
450
4973
6533
3947
21
3098
5225
7523
8742
3346
2071
5889
146
3614
2926
4321
8521
4676
7814
8303
5309
1697
1553
4995
1142
6255
6929
1147
3311
8182
5798
7777
9585
4575
2370
300
169
2643
2475
9250
8600
4082
7771
7594
9528
2655
9176
7935
7878
1480
4011
6321
6433
52
5919
4806
9773
8949
5480
4318
1491
5229
6942
7924
4169
4461
7828
6336
7561
665
9113
7417
9521
9239
667
6776
7495
246
3522
7688
2935
2299
8544
3209
506
2806
531
6707
6372
9091
5941
6888
6555
8397
4481
3634
3199
7757
4513
940
7258
5296
9064
2637
4773
1238
7321
4478
6836
407
3074
1373
3567
624
3865
8666
9262
5291
3778
1983
7841
2204
6922
2220
3817
2264
8979
8848
2006
673
1532
1812
6254
6524
3403
4209
2199
2275
1738
4450
2929
5157
1804
3380
8963
8779
3578
8921
8960
5095
3455
2732
4422
6245
5324
9375
3843
275
2024
2689
3732
6733
232
5627
123
6929
871
9945
3452
2145
9698
6182
1220
5894
7299
7119
6135
4465
1511
2330
5812
9518
3326
2320
8327
1170
6351
9061
9164
1443
7670
2953
8763
6502
299
6294
6260
3890
3983
810
5767
1364
4437
7727
9520
8989
9579
9621
3918
5350
5892
1969
5279
3268
8772
5070
9594
1189
8615
9586
4984
6522
7534
3484
8559
8975
9287
9225
2045
7541
7032
182
4589
1665
1159
3632
9801
8126
4361
7143
381
141
453
5281
7187
8605
3476
4331
6273
6133
1560
2361
1915
1021
6934
1727
8517
5773
7985
8984
8666
5597
7796
4419
498
4492
6540
6303
7395
5197
2032
2827
7351
9467
510
5183
6614
3965
739
1673
5504
2660
7158
3632
8233
4977
209
6517
2385
6179
7325
375
9983
415
2090
5205
2393
1464
9768
4366
8051
4414
261
5492
8482
3235
6098
1999
2347
5720
1236
814
3388
8358
7445
4937
4167
9560
2484
5106
6663
4854
8543
3721
4224
93
2012
4142
3352
1898
7631
8114
8619
2277
7594
8582
4431
6042
3735
1317
6518
8674
1755
5374
8441
160
8216
6153
7463
2216
6034
5834
7498
2282
171
9123
2482
6396
9742
6436
8016
9589
7620
9118
2897
8870
7174
262
6997
3523
4159
7141
1003
511
4973
3243
7627
1046
3157
8211
175
5923
7680
7458
1087
8834
9349
313
6648
2128
1396
2219
9016
5710
1309
1512
280
9605
7787
3655
3062
4995
6128
274
4990
1203
2909
8315
6789
9435
1294
5565
3890
8879
8081
4941
3993
5091
4433
2895
6597
7213
1955
8853
2338
1913
1276
5682
5796
998
1389
8237
6679
9741
9836
3633
2836
5682
9536
1649
3660
259
2184
3865
5364
62
3817
3663
8734
5904
979
5017
9648
4231
8366
760
2546
5896
5606
1745
3081
4189
4320
3261
9084
1478
3560
86
3215
8640
4489
6354
1620
7092
2664
4684
2362
3334
5021
9277
95
8829
8206
538
2090
8882
5482
1287
6014
6242
5807
6377
1308
1550
5929
3145
6840
5394
7224
9109
3973
2594
9452
9072
624
7711
4032
3562
2598
7545
4032
8682
9555
9007
6008
4631
9224
4627
4890
6566
1288
9833
4316
2126
719
8333
2652
4903
1567
3491
1072
7729
969
3482
5646
8961
8885
2490
9861
5094
3022
7885
1367
3946
8668
7594
8915
1876
5711
4956
9155
9530
3956
9233
9759
7379
7400
8350
6795
6715
8743
4400
324
5824
6271
8717
5874
8681
774
1753
7883
4182
8420
6757
6357
1810
2191
3809
2373
5973
9825
2418
2600
9686
3928
8319
2876
8814
3946
5509
2669
9351
7138
4875
3048
1924
3995
2768
9437
42
4536
5007
742
6892
1310
3317
8750
4372
3007
9721
432
4525
3572
2698
3981
7518
9094
1383
4665
2609
9497
1271
931
2401
5445
5080
1439
8913
82
1413
2546
6394
9055
3745
5289
317
2095
9712
4039
2662
9617
9461
5881
33
5755
8150
8279
4646
9650
8732
5177
8272
3657
7958
9475
2524
7907
4621
1599
5773
6886
5553
3366
6828
5839
8691
746
9340
4155
1516
5283
444
9769
6714
1796
3381
2666
1803
6857
9555
5970
2114
8192
2049
7198
1639
1585
3677
9713
2219
6842
8138
6301
9913
2684
7124
875
3575
5532
1327
7319
2028
9478
9960
3131
5692
8101
573
7269
8110
8504
3544
6312
3806
8433
230
3004
8975
8735
8422
451
3576
8566
4094
9578
4943
840
7111
2775
4996
9186
9736
7205
7252
4069
9808
7402
9438
7920
8445
8705
513
8839
2377
9848
7540
1826
5700
4616
928
1748
5933
8396
984
2405
9722
5553
5513
1359
9224
5257
9740
9314
3772
1195
2856
8132
8391
8874
3508
2456
4568
5696
362
1546
7211
472
9319
4645
8847
4197
8687
6449
950
3682
6526
8428
3413
8406
905
8948
9963
371
1027
1038
4127
7436
7212
8038
5730
2785
6979
9315
7891
2168
8043
3382
145
1322
76
9487
75
9863
97
1340
4835
4054
7167
3791
5458
9229
3493
555
7013
794
4798
5003
4884
8716
4787
8863
9219
5409
2350
4884
3570
9468
874
9246
4719
4690
102
6356
1963
7026
7224
713
7722
5999
7886
6722
7348
7131
6831
5385
201
6385
8689
6941
8817
3967
5363
9332
1264
6894
2906
6382
5833
8912
634
2791
90
6293
4378
9752
6677
7210
2810
8826
4510
2911
4816
3913
3536
1442
9725
6081
6235
2509
927
9560
7768
857
2911
6968
7213
3950
1675
1751
8683
8360
7726
1684
7316
9383
8731
8047
6795
7363
3257
2374
1956
5930
7496
6536
9370
6168
9714
8056
6463
9106
7452
8576
6558
3439
171
3263
7996
6915
2308
7313
3693
4393
4044
2873
275
8764
5134
2637
1265
3810
6731
5630
8670
3718
3707
5891
1366
9184
769
801
7466
5043
3549
1193
6566
2643
3836
814
3891
2225
1690
2337
1987
4997
7175
2635
4218
3703
534
2902
3837
3050
4402
4968
7154
3813
3548
8750
2839
6382
3936
2881
1022
7813
5334
3191
8118
6299
6372
3176
6629
78
1632
555
7905
1506
9538
2029
7070
5341
4824
942
1329
974
7492
7816
6980
9419
4208
444
4578
5159
4066
667
4210
3100
5066
8461
6320
9418
5624
1282
3574
1132
9594
3987
507
7267
8867
660
2018
3809
8696
3192
7907
564
7588
2737
822
3310
1147
4003
8171
1901
5035
3459
4279
4155
2542
1745
8409
4820
5772
5279
6603
303
5790
5485
2164
6636
1853
9619
6490
793
3337
8858
7301
2720
2757
4087
7998
4192
3872
4325
6134
2470
1743
8830
8259
8343
1253
3813
6309
7677
4996
2931
5751
413
6605
61
7697
6113
9140
9086
3242
982
143
8054
8459
1796
9517
8607
31
8565
6115
4759
5638
3028
7201
5167
7337
8084
7924
7967
2584
3098
5444
4387
4862
4808
2526
5751
5190
3910
5244
3226
4439
3439
1199
5954
6315
8869
2607
236
77
1394
2361
1421
6337
7517
8039
3498
5021
725
5870
4513
5253
3165
5441
5267
8357
2548
9666
558
9239
8960
761
4330
6644
6310
7069
160
5159
5240
6031
9570
1549
2139
790
1803
9897
8180
1572
292
6436
1055
5384
1968
5873
4188
2109
6117
943
1623
4048
824
7511
4833
6798
3315
9877
8880
9132
437
7956
832
1776
4374
2482
676
7037
6533
9171
973
7644
4817
1521
7206
7941
2592
2960
8938
3533
2079
6560
258
298
1895
812
9327
8049
8648
287
9680
2752
2613
7318
6481
2632
9195
7344
2096
8834
831
4482
3085
1907
4900
1000
7437
2970
6533
9622
5451
3094
1621
1212
4380
5924
6704
5512
5309
9845
1502
9589
5451
1343
6724
785
1119
7274
4150
2700
5044
7003
9245
3196
7094
2237
9009
9085
7609
6426
8419
54
8931
5226
890
9624
9511
7187
2056
4895
1951
2094
3928
7307
1701
2202
7446
6696
9326
9322
3882
8424
4468
969
9011
2755
2782
110
8492
9893
4942
3002
6206
3894
9398
1598
9842
1191
1656
5130
113
2871
2505
8144
5146
3173
9650
6903
527
8960
2707
1500
156
3851
6963
2402
468
652
5576
3354
5322
6819
5167
1086
7066
5912
1497
343
7762
5165
2499
4158
7600
2130
7056
7696
5321
824
53
7098
7042
8765
816
6468
9087
3926
4054
7962
1510
7867
5352
8325
5407
7643
1505
2985
9994
8033
8159
5831
7725
4318
4523
9827
4665
5494
6406
3824
1096
9639
6242
2982
4597
5187
1323
7222
9431
2063
9136
6516
7195
6531
6338
5347
1054
4226
5144
5327
996
8452
6555
6100
2216
543
3285
8236
8880
9941
1
5813
9563
5174
7695
5424
4458
8277
3367
1590
921
9480
7767
8181
9881
1882
4794
9928
9003
9819
4839
8373
394
503
6963
4336
1461
4339
5828
9229
5129
6531
1332
691
9399
9625
4574
5340
1991
921
2984
8872
824
4760
2428
2417
9922
8562
9557
889
314
154
1667
4431
2722
3900
2842
5313
8331
3534
845
8491
2519
2070
7379
9630
1375
8053
8340
2012
6670
7761
8770
8816
3385
6368
1718
3354
5003
2976
4821
616
3120
3779
9247
3552
622
6808
7733
7770
7708
2245
3220
1562
9888
432
6482
6698
632
2061
9556
4327
4580
1138
9865
9218
1134
9862
6583
535
9224
5399
8624
6698
881
7243
2768
6445
3907
7455
2294
798
9724
4603
7485
4989
5622
6326
6598
2476
9957
870
2835
815
4013
2207
3106
194
7198
765
6516
9706
1757
3677
1673
403
9856
1285
8890
3721
3701
2916
9923
4291
5711
5892
4843
2105
7023
3436
8337
6374
1435
3618
3445
2616
9901
6366
2496
2612
1355
4953
1856
2551
542
8436
2004
9112
1137
9989
9041
8713
6200
7580
4527
7164
6122
8453
867
4993
9261
7702
1097
4765
2621
1767
7405
9031
6072
7505
1622
3325
7913
127
6992
6483
5679
7185
7029
2891
6489
2016
4536
5808
7872
1356
9453
2220
9409
1472
8648
2970
9541
5799
2208
3222
1903
4488
5952
9376
6082
9277
970
6191
172
6546
9672
9842
6099
872
721
7857
8747
6425
3204
5059
1217
3093
8579
5273
982
9067
2495
903
6267
5236
7292
2803
6758
5098
6322
390
4831
2486
6415
5439
4809
2502
5676
7975
2160
6493
2650
7199
1435
8004
9592
9477
9262
6462
1381
3606
2320
9546
860
6621
9635
465
5521
8569
4709
1423
5958
7117
8626
5839
6266
5761
3796
9183
9727
7430
8808
4995
3926
2631
8478
1653
9641
7787
1437
4682
981
5863
6368
8495
7922
2879
9249
1554
1489
6733
7185
2621
6561
4746
2385
8238
3133
5562
6240
3794
2581
6565
2097
1583
4168
6351
2999
8977
8683
3512
64
8652
6185
2351
4172
5632
7110
178
8441
9819
2945
9441
7021
9928
8038
401
8110
8197
5166
7068
8577
7474
708
3317
605
3077
8084
2345
9995
4059
6737
1281
6477
1113
2019
7588
5912
1952
2460
9546
5743
5071
6886
8331
6157
4802
2299
6709
1327
7385
5888
3117
3051
1603
4974
8460
6689
1321
8494
8331
3501
4023
6321
6762
3030
2437
8729
9609
7623
1588
1784
7114
8471
9827
2451
989
2390
5473
6002
3563
2438
5885
566
799
4419
7018
2744
606
6289
5534
6250
7047
8450
7961
1884
2054
9456
5283
2926
6114
8813
190
1453
3254
8868
539
1372
8077
1723
9240
9503
4358
632
6167
5783
5559
349
1610
9925
3038
3025
2474
8493
5347
3501
2406
3785
8233
6879
5225
2726
6435
5758
3556
5567
675
1548
2267
5909
6190
3553
6572
9351
9483
5417
537
8228
1082
172
9079
1834
8657
981
4591
6377
8178
1266
4353
7402
5240
6983
1305
4918
1280
2863
6426
6868
9909
7953
8486
2
9363
2267
1087
1438
8877
8813
1896
7650
1514
5444
9589
9547
4042
3409
5186
2212
6711
3158
4351
1380
2567
9916
5272
7056
1005
7940
7874
7438
9167
4008
9745
6023
1042
7085
4167
536
8193
9896
3384
4438
4077
8858
3465
4123
686
2137
3318
3233
8664
8796
5378
4666
3641
866
4265
5370
718
7440
530
4801
6997
1957
2992
5561
8206
8444
1544
5896
8618
7982
9564
1346
1174
9553
2326
4431
5345
6416
5713
5732
9928
9224
9088
3489
3714
3613
4194
2870
9447
9127
3549
9571
5789
5516
9751
7818
5146
3435
7476
4995
173
50
970
5404
4776
7597
9488
6619
5798
2476
4773
9474
9466
2927
6892
4557
5096
8161
901
570
7900
238
4135
9430
4296
7329
2138
32
3868
1439
6321
9820
1502
586
8420
8423
6665
6755
8748
7058
4785
4399
5479
1517
1748
1877
1115
5361
476
5345
9447
1737
1234
3896
7285
206
1148
2440
7852
5630
5079
9755
8850
4825
4080
5401
5295
1335
8235
1014
3372
8825
4759
6527
9210
3979
7033
8620
6528
7058
9829
1059
3884
72
2171
4793
1242
6801
2781
5957
8418
2520
399
2131
8796
9307
8199
9890
3103
6193
7924
2923
1719
708
6347
14
8340
5790
3789
7994
63
9988
1060
5561
2312
1865
6428
294
9546
2145
9518
2140
4512
6419
7736
9996
9553
5113
9976
3034
9591
3063
1847
6629
5630
694
2098
1729
4103
9212
7076
7987
7260
3530
3168
1464
8910
5730
7673
8098
9610
610
8100
385
8314
1601
4485
7529
2055
4165
4471
8533
8396
6223
3944
5561
7351
4692
9472
8252
9704
472
6354
762
8780
8601
6794
2340
307
1717
1015
5682
3293
265
8578
871
9171
5752
940
383
9154
7668
8071
8984
9346
8892
8395
3737
2052
2433
8168
3155
4123
8678
2907
6355
1762
837
1065
1
2571
1656
7912
3593
9543
2410
4957
756
8177
475
3408
5409
228
7033
9820
9893
4893
4690
5059
1852
508
4147
8463
4794
1028
1563
1282
5715
434
2897
5807
2275
7946
7118
5969
2412
2684
5369
3849
842
646
2126
4021
5924
2307
1881
1884
1329
2609
2101
2854
5091
7504
7932
6712
3733
9334
8809
2925
9117
7792
9090
3824
7822
2211
1307
7447
7902
9937
969
521
94
4679
3029
127
5275
6946
6120
9896
4815
7457
5529
2375
6677
9462
4384
3624
6216
3463
4662
8544
3926
9361
1947
3969
7670
8268
9396
5356
5491
9177
4463
3905
4404
2215
7476
6722
1354
5381
9338
2455
8805
1074
8674
5514
3139
4145
6388
9698
790
3353
9189
6189
7729
1672
3010
7909
8383
9271
6555
7334
1056
2408
5247
1574
2128
9820
3519
6706
2118
3905
7090
2378
8454
7176
8021
9043
9779
7813
2508
9787
3813
2416
7882
6313
6226
3641
3545
7697
9245
3528
5254
6279
88
7458
4668
9340
7526
9256
1435
2420
7586
9529
4740
3336
7621
3031
6757
7766
5288
4343
9324
9414
9863
3362
8969
3480
9326
8201
2436
5145
6483
8133
1192
5941
1407
9164
4635
3398
1098
5904
8923
4874
8258
1153
2086
5666
2472
8003
9877
5287
3719
1914
8999
1976
4690
7489
9190
6686
2808
5883
4696
9424
9750
4097
5797
8802
3722
5129
5199
4392
400
7911
9202
1561
9067
5614
458
4735
3649
8159
4188
8938
5619
7074
8626
3236
4008
1858
1622
6591
1845
5955
5513
2699
6459
479
881
4324
2269
8141
109
6855
9644
7779
2326
5733
5280
178
741
9425
2758
6064
8539
5971
7457
2724
8448
1167
1998
3449
2091
3935
4680
8565
2091
5869
1204
8132
8224
4077
8298
3293
8633
9495
5313
2790
9387
2242
2054
6275
6570
3164
1065
4058
6263
6614
9268
770
2678
3084
5784
378
3179
1219
7221
1734
81
7754
4806
2307
7542
4403
408
9868
3591
987
2197
5173
755
7685
5936
3317
2910
1445
6159
8945
2437
151
2480
1410
9320
7312
2314
4697
1145
7453
1441
3001
9824
5336
5733
3250
6680
9737
5064
8878
1066
4728
5562
7460
51
5344
5555
922
3589
9167
9068
3816
8743
699
426
4376
7050
2015
8392
9417
5161
6178
4688
4978
5979
5672
3845
1875
8425
7922
1808
776
9974
3681
1045
5815
1200
664
8722
8664
1378
831
8260
468
3171
1412
9973
2214
159
5036
8646
767
3935
7367
8212
6502
6279
513
9226
5323
6717
2548
8467
7052
3313
4187
7851
3025
6621
7058
8721
2322
4330
553
587
3417
4604
3799
3142
7426
7036
9019
4887
1151
1936
5422
6739
391
24
8244
9816
8542
5960
9154
8342
7424
5613
3385
5198
7703
5806
8592
8901
365
4657
1280
3700
5451
8598
8296
7952
3391
228
4833
6929
7212
3950
124
2529
6812
978
6648
354
4672
5134
5631
1052
7256
5727
3968
4787
9501
567
311
4561
1532
4810
3832
6229
7486
4405
9820
4791
7394
2876
6626
5734
4956
1823
2726
609
3238
4728
6511
4718
3476
419
273
8058
9750
8522
659
2862
5943
1484
4492
3146
5347
1514
9735
5776
3605
478
3765
1072
5549
1192
5185
2620
7393
6134
6878
4855
5563
6799
7117
7807
9392
4508
2939
3731
5552
1091
3895
995
7161
3730
8177
3619
2790
7941
5630
219
6757
275
4280
7758
774
8715
3875
9845
9120
5335
1882
2408
1086
5098
1655
8936
6678
9835
1297
971
761
7742
9008
5653
2246
3275
9356
5904
9082
1950
7843
5880
4226
4794
154
6886
6305
8634
4635
3606
3420
6182
4540
7
6419
3246
4368
2078
9722
2150
999
8855
7894
6798
7201
8250
675
5181
2655
6806
1089
2602
1354
1709
9168
806
3917
7435
4960
4105
7501
2067
8187
8103
5914
5832
926
943
5997
1253
8562
8944
4577
3883
665
9016
4606
4789
884
379
5440
1400
6850
9900
1494
332
5570
5819
455
1121
1257
3803
7487
3088
6127
3327
4102
8672
4004
2384
8130
8178
7792
925
5219
2313
3480
8624
5020
4361
9453
6425
722
5499
8894
5514
4780
3354
8333
8749
6938
3021
5615
4789
7682
3345
4733
8240
9094
2722
856
9142
1250
4247
2458
6466
5617
695
2983
5977
8015
7115
6369
395
5064
4530
8619
7797
4095
8939
5957
8257
508
1170
1415
8715
541
2554
9593
6864
9053
5123
1038
149
5473
1945
1921
1921
4399
3833
5256
3785
3434
4720
1845
5622
6824
4305
2828
5780
3140
2691
9166
9497
799
7349
3203
5216
3746
975
9351
6498
4334
7238
8203
6017
8500
5179
716
3984
337
7298
9553
1297
3969
4890
2990
6236
4917
93
7541
3929
1583
5
9436
7595
345
4137
9641
2425
5077
131
7530
3594
7279
6912
7330
3293
4495
3635
9134
1554
6971
2790
6853
4775
2361
7470
957
8131
6162
2985
8571
4937
1234
8887
8994
8714
2524
8562
6653
1018
2683
5996
8839
45
4323
9060
4791
8589
5589
3220
2682
5051
9473
8169
4824
5103
5734
8224
2553
3134
8437
2810
6656
6936
7524
7068
3301
5018
8206
4853
1665
3494
8119
3500
2338
637
3070
5350
2383
5223
2555
7009
3989
7951
983
7505
447
3309
3611
6884
7844
2561
4417
1043
2075
6025
1047
7703
5129
9119
6418
2710
1707
7938
1150
5273
8959
7152
9795
1275
9596
7021
3508
8512
2627
3186
7666
6735
2685
1604
4957
8446
2099
7376
1002
8376
157
7697
2655
5726
5586
7821
8171
2103
8942
1602
8132
6421
9666
7400
968
8790
2564
179
5429
147
2919
1640
404
1113
7286
1385
4303
8593
9274
3263
5684
8766
6284
9107
385
4659
8627
5353
6207
9006
7358
9785
396
3413
7966
7259
6144
8108
6779
7695
7361
7567
9543
8214
5218
4738
2575
6624
4198
4259
6173
6899
5074
2600
7323
2948
4513
2203
8866
9670
3297
5759
6896
76
6218
5357
6584
8460
6767
464
7299
8195
2781
4601
4885
6463
448
9983
7371
7996
5797
9254
864
782
1194
9995
7822
2168
2562
874
3681
7991
5525
1549
1431
8239
3731
7617
3076
319
3513
982
8274
8291
940
1459
5958
1622
2531
7123
8142
7810
7665
1392
9062
6438
7215
5098
1961
5346
7033
7412
1461
3778
9663
6588
6903
6629
4587
533
6086
9113
3186
4403
5355
1092
9139
3442
7534
4913
1245
8578
1804
2022
3534
8195
8420
7118
21
394
8241
7512
4969
5357
4145
234
930
49
8837
8979
7749
7773
9473
444
3342
8074
2835
2826
3158
2090
5904
948
7331
5937
586
3995
6510
4229
6190
5354
7760
4846
2761
5259
118
1929
6715
532
9444
3455
2708
2172
7686
8845
8970
7374
9985
8751
157
5625
5784
7646
5089
753
4042
8884
651
7110
9544
7960
8439
2590
5972
5690
8886
5426
7878
5372
165
8338
568
2426
3576
7910
7153
4888
6709
7074
2175
7607
4909
2068
5389
2212
2854
6141
6468
9741
7379
2762
6798
1873
885
5551
8709
291
3610
2655
1066
5529
6836
5066
4082
9415
3285
7027
1675
8628
5574
5004
1468
4454
6951
7648
5306
7855
3632
9821
3047
2499
4406
2749
468
4132
3034
4687
9176
5420
1259
1463
4841
9606
172
9182
9958
1018
9632
871
9559
1251
481
6800
3676
1119
1855
8641
4195
7170
9510
2132
2133
6631
137
1504
6623
9717
7595
1124
767
249
7532
8013
6900
1158
2240
2244
2824
2629
9323
3447
1850
9802
2185
2146
3827
9446
3594
7082
5323
4339
8106
9062
7108
7295
5439
6378
131
2295
3196
9457
3983
2991
9122
8278
2370
2252
5685
1583
9644
2399
5741
4391
5799
2446
3555
5415
5078
336
6539
8320
7782
9444
3922
5127
70
62
3276
1405
6851
976
1424
2570
220
7729
8016
6854
6677
8173
6272
6067
3126
9689
2375
827
291
5057
2835
5713
8119
2816
4951
6614
1209
5178
4832
2811
8785
9577
8581
5470
8436
7795
7308
419
8602
3956
4330
5680
3105
2461
8786
277
6586
7305
6351
2758
2898
7576
317
8038
4667
5914
3537
9666
4200
5865
3800
8887
6680
867
8301
1264
8169
3731
3988
2848
8750
2651
9236
1657
1995
1792
3666
4583
1021
4706
4104
989
646
3575
5652
5849
7670
8931
6445
5781
6230
6165
6688
4461
2446
6209
8040
2281
7527
5462
7180
7190
3066
6955
5347
6053
6374
7547
1442
4463
801
7689
4438
7763
5254
4866
1277
1918
9245
8846
9087
5382
9624
5746
3514
8259
6345
4902
8875
1418
8241
4286
3016
4360
3075
9255
9210
3623
4775
6271
3448
9360
4283
5409
7262
6157
7476
3100
6476
601
9106
5312
283
7847
1505
1748
4747
1868
1516
5766
2520
1402
7100
3904
8379
2569
5278
8403
2077
3524
3186
4259
4806
3614
1279
223
3475
5839
1332
6411
5797
6623
6954
1020
886
8237
1078
1807
8471
3628
3066
3366
453
331
4235
4144
27
4943
4701
7940
80
5472
9594
4410
4624
8573
6386
8518
3113
3244
2043
5618
1628
2450
8058
2230
9891
4763
3370
9463
1634
5431
3801
4377
310
3634
9683
9762
6202
286
7973
1613
8088
8510
4963
6520
9420
1489
6342
4362
8420
3273
8429
3844
6660
9608
6564
5747
6215
8838
1954
1887
3935
3570
2316
2148
5421
2098
8967
7082
6220
6680
5035
4499
1208
9619
2339
7024
1852
3711
8784
496
585
2826
2541
7463
5106
7508
3774
3222
4308
3170
4353
6349
7684
7087
6919
8698
8928
4416
9532
8412
9719
5666
1185
8713
6324
9523
1307
5816
933
7417
437
9435
8571
5043
6592
3965
3674
6346
4954
9204
8144
9731
4796
8995
5699
180
2734
3967
4546
400
4437
7948
4813
4657
6957
7427
7633
1857
4369
6162
2955
8133
3991
8272
926
4311
3465
6827
6832
2926
3006
7456
5390
1180
6823
1558
9776
7508
981
8040
2984
469
2439
9101
2275
4392
1025
2534
5858
5074
5017
7107
4834
3894
5371
9938
375
9274
1693
8933
5480
2308
796
9135
4547
402
8645
1195
5313
7203
624
1432
292
2292
8854
6021
6861
9354
2707
3445
3227
7705
7590
5455
1822
2896
4150
2757
7865
8498
3199
8527
1669
2513
1034
2068
386
5256
2138
7300
2024
5973
307
8356
1996
8161
1045
6534
2767
4862
6678
3061
7664
6364
6269
106
6690
9687
2586
7278
2104
8721
1044
7373
2268
7623
3050
5411
1535
7795
5403
5238
2586
830
5362
5471
5508
1279
1048
6582
828
4533
1741
2169
9094
1565
1249
4216
2339
2544
7821
9633
4904
107
623
499
5841
1372
898
1
1774
8823
4364
565
7371
3042
641
1597
2782
2915
9172
8775
8906
7956
7358
3845
7664
6416
3111
7005
8709
7501
801
4064
7550
9750
5589
9093
359
6291
5525
5969
8884
5847
5360
7461
1695
1414
7476
8451
9504
2929
6621
6094
3067
2384
1388
2510
2194
4890
723
4205
8523
6404
8492
5505
8253
6628
9929
390
7780
6992
2727
3223
1796
4616
6652
1305
1866
5901
8223
6933
1805
5756
8966
3359
3027
5691
8426
4871
1617
3775
9224
5580
1803
7016
3633
1320
761
7529
2880
5308
1210
7256
2603
136
2594
3230
915
55
9151
3387
9526
6197
8569
8825
4180
5598
24
7707
3822
8229
160
6227
1546
4605
9335
9853
483
3224
8647
9963
942
2121
1774
5709
199
2392
2226
8764
5833
577
8083
8260
5997
9225
329
8188
6106
7023
7180
7395
9227
2555
4579
633
3534
3334
324
4375
952
9189
617
8604
7318
5187
6052
8149
8462
6393
5657
2951
1092
4733
1738
2444
6952
6581
9280
1304
9661
7718
549
8535
9365
3453
5262
7558
6375
9673
3461
2842
3875
6340
2454
752
7516
6060
2527
4674
3460
5538
6138
3075
2517
2301
9463
4823
6395
6668
1298
3266
6064
7287
8052
3836
8319
4432
4790
8349
3450
540
5952
1643
9271
440
5503
7901
4133
9657
9429
890
4493
5636
1626
4627
5331
4471
1712
3642
1595
658
5428
9230
7096
9989
4512
9428
4463
6408
7534
8051
5435
3777
6775
3932
9402
7061
9914
900
3333
110
9688
1088
1996
4965
7739
9180
1968
7821
6375
9368
2074
9196
2665
7711
1144
5766
1052
8741
8552
1927
9546
9292
4413
5261
7903
8931
4799
1232
6186
2188
6863
7071
7421
1848
7639
5352
3555
1314
5232
7108
8449
3109
6253
7549
2213
3610
1109
1932
1403
3922
8574
3107
7727
348
3413
7220
1644
3347
9802
7948
5235
7015
2119
2656
5991
1399
3025
8706
5013
8056
3320
4896
3218
7381
8633
649
9740
6691
3970
6173
9890
8526
4117
5920
1855
9590
6838
7402
4050
1216
8479
2798
2185
8090
9507
2485
4892
4671
1534
1062
7510
8195
7467
805
7229
7020
2736
6581
7699
5197
6804
3851
6309
8704
3025
2913
4144
1534
2676
7571
4452
7886
6530
873
9489
3817
4324
9122
4558
9654
7954
5593
8680
9639
6878
439
7255
9614
6359
900
5757
3165
9999
2155
8839
6457
9334
7690
2598
5498
6549
7315
2951
1346
2630
2146
2014
7239
6768
1498
946
7679
1121
8670
6977
2999
3701
3929
1764
672
3
8459
2478
2870
7734
3841
2094
6942
2552
4992
2835
4092
8346
1901
5791
7694
9281
2300
6996
9401
107
2147
9804
8526
6240
4889
2069
520
5971
5921
2008
9252
6534
4301
4282
8141
1069
6177
4956
6900
4699
2662
9949
4329
8954
727
1392
440
4166
155
4072
8002
6152
415
1647
407
5617
5023
86
4749
732
4225
9399
7392
3222
6527
246
3878
2073
9359
9910
9822
5860
9216
5304
5860
8742
9939
9805
1107
4537
7716
989
1416
7836
5379
1025
1246
969
8595
4602
9036
9717
47
5204
9991
4997
5524
9717
7253
3262
1071
3104
6847
8437
4115
9718
9938
6837
119
7292
4611
3998
5050
6823
6108
8267
5556
3652
2824
5900
2906
3956
1414
7778
5933
2756
2141
1849
3408
8347
6877
4303
8756
493
7101
9923
3635
9709
7399
521
5429
8911
5948
8666
7793
7227
4965
3367
1956
9725
2695
9950
8439
5385
7490
1302
7872
7643
5974
9333
1592
8829
3779
4161
1556
8243
108
722
514
9296
9126
822
1474
7179
2595
7487
5838
699
1717
3447
2536
5103
865
4707
2607
2795
9538
2902
9836
7581
4135
9564
5855
5582
5754
5911
7378
148
8590
6022
7190
275
3780
3649
5570
8611
1738
178
8293
5133
6145
4957
7284
7728
5865
4064
1764
1216
5419
5269
6118
9326
1698
2500
2250
4018
695
8885
2209
9444
9704
4356
8339
763
709
8989
2889
6461
4295
2967
441
4565
4700
9293
9164
3794
3011
5847
7789
2316
9248
5767
7744
7153
3085
8768
4156
110
8958
657
2806
6569
2063
2222
2540
9499
9180
127
7851
395
7277
3714
1694
1477
4475
8956
9347
2682
3827
1933
2107
113
935
9378
1406
6491
8235
7251
4761
196
6339
7292
3509
2246
9430
9865
8533
9367
1038
107
4092
1426
239
3079
9064
6739
6242
2766
7487
7180
7646
9863
644
8709
6529
9544
1526
5600
5536
5987
8806
4490
1625
1693
7251
2062
2913
4874
723
4787
7791
9028
3200
4726
4676
475
4332
6850
21
3718
8851
4347
5318
4695
3388
8443
277
8317
5643
5924
6848
4291
9750
6356
7460
4662
7986
838
3476
707
5625
212
1250
7775
8634
394
5597
2416
3214
6935
8647
7784
7570
9661
9569
8723
4182
4887
997
4534
4016
6842
8336
6311
798
820
9434
2299
4615
9425
2003
8330
268
7901
236
9743
9104
6708
3359
3083
8096
5764
2236
1706
7569
2868
7586
1549
3126
7214
7462
1030
4187
6519
3394
9459
9585
6032
2125
1537
9029
4005
1571
1137
4239
451
961
1832
772
8486
9567
7025
7369
8159
4170
9965
5013
2533
125
8715
6497
3987
3643
5554
3518
3375
3148
7914
7411
2187
3378
6587
9298
2404
8086
1918
7334
2600
8068
1551
7292
1717
7680
8788
7498
8604
7971
5223
2208
2292
4742
9055
8458
90
121
717
3055
3654
1873
3714
2393
6106
7292
9886
6977
1027
2322
2291
2742
4146
8282
680
7594
8708
3110
9290
6985
3181
7596
636
199
9444
1889
9663
9349
4728
4548
1980
5584
8800
5397
9262
7030
5983
3680
5710
3205
694
4778
1478
6642
6724
3895
8694
4211
2073
2741
7093
3194
9896
6728
9407
9166
3370
5139
397
4823
4208
32
4931
4326
4336
6188
3906
1455
976
834
1118
7988
8497
2882
2825
639
755
3454
4510
3131
9494
2865
7498
1056
2848
1484
6101
3049
6411
622
1535
4259
3094
4336
4117
2053
315
602
3570
9463
7185
3685
7682
4608
4920
2910
866
8848
5313
404
8115
8646
2608
1134
1950
5471
1146
1308
3425
7388
4440
600
968
158
958
1720
1990
5297
2453
932
4578
4562
1300
9998
2303
62
9806
6819
8580
2281
3700
1628
3098
5144
4907
5169
1604
7467
728
7739
2536
7739
5448
8132
7243
9387
4925
9118
2364
8302
1186
7852
4182
6229
1599
65
7177
1443
9816
275
2610
5183
9104
6779
951
373
9163
3293
2159
1354
8224
3134
1646
8601
3213
7510
5806
9999
4038
5764
7368
1935
4933
6728
2450
8883
8229
6193
483
4689
9322
1956
5042
4197
9735
4677
3565
9168
9411
8277
7317
3741
5014
1977
2614
9276
877
8754
7428
9085
7661
6478
0
5050
2356
667
2747
7297
9210
5827
4466
237
7383
9449
1239
2064
7583
5086
208
4191
568
2399
2680
7210
8732
4719
7604
230
426
1389
8896
7017
5702
4626
1928
4450
3281
2025
4515
3090
2083
4331
7065
8331
1813
3718
3429
4275
2987
4857
9045
3476
6254
6319
7342
5028
2280
8805
5741
45
6664
1337
2376
5432
6518
482
9587
5546
385
1478
5471
363
195
3292
1629
7582
2838
1119
7520
9314
2959
1211
431
5813
9785
6567
5914
4032
7565
8575
1460
5571
7101
1692
543
9837
6640
8594
1078
2567
4263
2023
1635
1342
5710
5787
5841
1308
5743
8440
9435
4562
5200
3031
6515
1300
5004
5100
7296
2209
4863
1536
8398
7261
3611
7545
7689
9613
5352
7592
4868
142
9945
3246
4883
7650
3609
4332
490
2648
4995
1030
908
9431
5041
8482
5445
7718
5949
1923
8483
923
9747
6093
6735
9471
2727
9156
4842
8043
3107
4518
1186
8337
1513
4993
7524
760
5927
9570
4619
7461
4520
6651
3030
5923
5254
512
6344
4912
3518
7071
8761
4419
6444
3881
8906
9581
8517
7425
8966
3387
1012
7152
7107
1653
9932
2243
2504
7015
9820
1522
7945
5065
400
1485
2909
8444
7972
8677
1601
5924
7331
260
693
6797
5118
42
6884
3035
3401
8645
7121
7282
511
732
9612
8766
741
3976
8756
9120
2220
4399
471
9446
7024
2799
4437
4422
8526
9924
7347
3319
4594
8006
2443
4379
3006
2434
5936
3549
3190
4130
4703
531
2376
9132
6113
7168
7786
6900
1485
8681
4668
1151
6666
9265
7420
3765
3106
7012
1400
5570
8291
3196
6973
6649
543
7443
4751
9861
4675
6534
66
7502
4996
1635
3188
3972
2949
3967
8573
3979
8277
5093
2847
7108
7782
9278
8920
7651
8456
7802
9046
1698
6404
6281
714
5553
3989
6393
4837
1000
1456
3916
7199
7660
6452
5541
6534
73
284
3470
8371
8770
2050
57
2777
4306
2254
5954
5719
7806
1643
2285
9981
7769
8426
2113
5707
8915
6897
6352
164
8687
7067
4178
7537
7520
7635
2301
3458
3423
8875
7155
528
9148
1702
3992
766
3838
5318
863
9470
4312
511
4640
6224
9467
1691
8423
9684
5986
1671
4444
4721
3150
4714
1915
7886
3166
9893
3248
5053
5370
278
6081
5528
492
1367
3351
8131
9948
7523
5561
6769
5495
729
9751
2723
3275
3481
6449
7723
722
7083
898
9806
472
3583
2492
9976
2282
8638
7201
1466
2157
7168
3675
1678
8136
9127
9961
7915
6624
1513
4246
2916
9742
3611
8999
1530
1902
2232
4129
6738
6327
1329
1077
2706
7426
6062
1866
3060
8409
6818
3941
4813
9741
3581
150
5479
3043
812
4914
3674
6877
4187
5193
9738
5825
7994
9764
7962
6712
1325
4301
9070
4629
1885
3098
2798
4239
6652
7735
6326
1901
3478
671
3226
3950
7842
8231
4567
5810
1368
8951
2965
8168
7005
1733
6169
9892
810
464
6102
7356
7547
7127
7411
7520
3987
6372
8824
9012
60
3160
1890
2940
8028
211
5974
2275
8243
4032
4802
2007
8609
8331
4655
4980
4501
6608
4643
7307
6175
3905
3587
7599
1207
3060
3285
1597
4967
1271
9939
6677
51
3393
315
6777
1497
3942
1476
4657
2227
6678
7228
7736
9946
850
124
9430
5396
1260
2013
2107
1294
619
2899
8341
9028
856
5111
1086
7213
6888
2387
5830
1125
5046
7655
6440
3490
9307
9224
491
2919
5645
4712
167
7030
1937
3697
2674
176
1343
7354
359
8297
8753
3836
353
2471
4359
8878
2217
6985
3562
1981
106
8245
7658
7720
4973
4233
1127
3655
1798
8338
6025
1979
58
8795
3468
9664
4347
317
7035
2272
8434
6421
1255
6129
7048
4116
4341
8526
5873
1856
7282
7476
8374
3863
2195
3171
9725
2467
4637
5572
1798
3241
7869
3561
6548
4156
86
7727
2679
1263
6869
1873
5186
3767
8658
2295
7902
6894
8165
2331
7098
2244
6835
7052
6765
4880
868
4539
9690
1941
3409
931
1407
127
6159
9734
4874
1485
4595
7602
8295
4360
3793
7298
794
3985
7269
4288
838
9498
3565
1017
4777
2394
2961
8521
8580
7844
4960
8070
3146
7393
760
8120
2084
1929
2146
7541
8126
7489
7079
9467
8578
5119
8131
2567
8703
6201
389
1330
2693
7339
1311
5515
7216
3687
9313
9808
4143
1254
8444
8790
224
8333
6854
6248
3897
6571
8025
7099
6517
286
7815
8048
7466
4326
7503
3795
4227
673
2101
6001
4047
2517
929
790
3317
3741
7174
452
6897
9754
8653
6048
3888
2171
6717
4630
4404
6040
6633
3116
2452
1063
1079
8884
532
6177
9993
9211
8828
5935
7737
6095
4839
1918
1653
6862
8826
561
6709
3385
3791
150
2869
1447
1262
4337
3827
3286
4631
3556
4471
620
6878
6976
42
3772
9027
6565
7796
7892
8477
9909
7862
290
1650
8087
1152
6583
3589
7064
2657
9620
2973
9995
5497
321
6190
5041
7436
1933
1287
6196
4341
4143
2135
6413
804
9210
5548
5797
1542
112
7689
3321
687
1197
9412
1766
1127
6148
5641
3348
334
7672
3886
8960
5741
2768
3909
8305
2635
9981
7959
8443
7544
4760
4451
9138
6442
2260
6915
9462
8609
6547
9415
7085
841
3301
3840
7327
3500
4251
3723
1115
2433
1305
9143
1126
1269
7289
9653
4243
3348
9500
7004
8366
3108
1532
1990
7859
8559
7518
7723
1148
6715
8963
2344
7527
2791
8285
5595
9734
2548
5598
5565
2303
3293
5787
7164
4404
1573
464
7620
1597
7116
2958
1370
4721
2925
6207
8773
7380
4263
8922
4761
2362
9734
5282
1505
8282
3453
3225
1512
9005
8563
9681
6485
8934
2343
4227
3760
9116
1776
985
213
2706
1862
1093
8052
7623
2855
3141
4403
3417
4167
1614
2097
7829
7719
9797
3447
841
1216
6429
1213
5387
8268
5546
1045
6098
290
7828
2600
5586
3436
2439
348
6021
9046
9223
9599
7445
5398
5441
9411
7110
6882
9565
4326
2704
226
2224
8348
970
9683
2365
8075
7298
9605
9099
7731
7353
7314
9874
1096
5371
6732
447
3101
4588
5153
5559
8191
2686
5501
1609
6539
3791
7117
2443
4957
2335
9243
4726
8614
3760
2299
7886
6409
7414
9617
5609
338
7598
4828
1874
4227
6074
6819
6789
9597
2186
9563
8778
8711
2423
6994
7455
2222
2040
4043
5421
8490
1240
7190
1309
3320
911
3451
1187
6761
5052
3875
1912
4134
1060
5715
6134
142
2516
2646
5997
8350
851
2518
8547
9804
3267
1335
6887
6593
518
1376
6454
4928
1916
3703
1655
4806
4763
9767
8417
944
9512
81
3932
628
6081
9900
9557
3693
7837
6154
4475
3446
8763
553
7190
2978
1719
5106
551
1110
3323
9489
2858
7860
4642
1010
9097
4645
7383
5876
5850
5201
8781
2125
9193
7102
8392
154
3856
8099
5544
1233
6546
4632
5861
9989
4183
3468
4678
757
3329
5522
428
9362
3470
5098
5339
8218
7494
3511
8169
6710
404
4162
3663
1164
1122
170
7677
6066
5245
9141
553
2256
3031
3432
5367
3440
971
4431
1829
9749
5243
6106
285
3029
7525
4645
3486
9605
7908
7858
6500
6287
4083
3620
1043
4450
9292
7738
3571
7
6895
5591
4821
6827
2286
7530
7492
7214
4965
5727
8759
3414
3911
5121
8323
5872
6291
6874
1741
1685
5813
4008
3852
4677
9465
6942
2445
7395
1323
5940
1168
4909
730
7708
1968
7158
2826
1043
6352
6049
9273
3327
6545
8092
5817
8715
448
2695
5884
8380
204
7247
9054
9999
2725
5084
7244
3938
912
6227
3554
7180
7975
393
1314
3737
8253
3909
177
9669
15
3487
2555
6836
3958
2587
6439
1580
6905
9293
5797
9344
3216
8040
1875
9435
4211
9239
3039
4309
8593
2118
6087
5844
5660
1646
1644
4465
5377
539
6245
1478
9157
1324
5552
6818
3307
4359
6467
9113
3027
6870
241
7978
5372
6178
4152
2958
2250
6442
4374
7082
9939
8480
1996
2433
1491
1120
3739
5786
5983
2702
4811
9993
8854
2811
8555
1180
4436
740
6898
9028
6688
8295
5204
4014
3733
3394
4000
2813
9358
9146
3414
9206
1019
8916
5510
6296
2800
6756
7619
4854
7212
6384
3063
5618
3574
6016
1088
1239
8708
7125
1976
9667
3478
6387
8450
4687
9247
5356
5584
5837
9043
3946
7026
2973
9036
1048
1657
4892
8311
2894
3193
1417
1675
279
8429
1125
4362
3504
9828
2375
9263
5728
9241
1273
5991
7566
2400
7874
8013
7476
4892
8592
9566
3710
6254
8818
5259
1935
2984
6256
8972
7712
528
2744
945
9477
5920
8310
4628
9471
4010
5311
5850
5639
4728
4906
3417
2125
6305
554
6227
254
4232
124
5457
2411
5951
7898
8971
2076
2345
7994
9171
3488
332
199
1873
6223
3605
2234
9209
8735
2038
2804
8761
879
2442
2570
1726
5396
4137
1725
503
7997
4823
9556
9441
9205
2743
985
7665
9124
5454
4878
5696
4194
9170
5642
8256
1994
9408
9459
3661
2246
9100
1545
4383
6109
4515
1325
4156
9878
6237
6860
1866
4375
7167
8477
8338
3454
3292
4434
5424
6651
3164
1214
8967
1321
3940
8660
8033
9208
6037
3751
468
8904
4097
419
5521
3027
6583
2135
7574
8519
2080
2366
7842
5806
3026
9241
7736
8060
6290
3290
4029
4389
8102
8175
4588
2585
6632
9034
9353
1822
6423
6841
8451
3079
1352
6678
7794
4438
1018
6477
9391
7883
1526
2517
4563
9928
7205
2525
4168
1027
1099
3349
364
7174
5490
8598
5411
2503
98
7327
9596
2591
4459
3821
4236
5754
693
9286
3511
762
2671
6738
2941
8823
1524
1798
6960
1895
7163
8910
6996
4390
141
358
5600
1714
4674
9446
4049
6662
3156
712
5021
5569
1781
2663
708
1218
3133
4902
3507
4339
2603
8842
8803
3519
1420
676
6286
8464
3370
783
8753
3273
6156
882
3517
1117
2267
8227
7528
4347
9556
3273
8784
1879
7961
1196
352
3877
6802
907
9979
7940
6898
8793
9316
8133
1028
7588
3008
6263
3844
852
9652
417
1322
3005
7768
75
3985
2353
4285
2025
725
7893
5114
4116
7691
3614
5314
3319
6731
8360
8354
1891
7112
5907
678
4544
7168
842
7851
2432
7678
6513
2431
4481
4909
6938
9221
5920
1863
2580
7892
9780
9676
6273
6319
2270
2318
803
5328
7595
5689
9298
9085
5523
8640
2668
8348
7681
8498
5786
7395
8511
860
9882
440
4766
7368
1822
4135
8447
6531
3041
4882
9553
8699
8769
2434
6503
2839
6542
6812
3957
5234
6669
2255
7239
7887
457
6394
8430
3424
7
522
344
7425
4628
4289
8763
7423
1485
6882
3982
7431
2522
1193
4435
7273
8585
2632
1461
8186
4819
7947
7802
3353
492
5629
2437
9241
12
20
8363
4397
6629
2135
8527
3043
8465
7968
7068
2087
2746
6204
6191
1064
4229
5294
1663
6583
6860
6692
9194
4155
326
5058
5293
5954
2885
7403
9215
850
4123
6750
26
702
4698
1356
2040
3796
9623
8247
9238
9538
4570
1542
1271
3401
6789
4646
3832
1434
2926
5403
6315
2909
6411
9428
8914
3889
5785
5100
1002
6430
585
1612
2850
8709
4824
3357
6198
6457
3689
716
9836
471
8817
5623
8938
9376
9150
595
3938
7831
7221
6560
6252
2310
9735
4484
8462
8539
4847
9172
1562
5184
906
7330
1764
5896
7588
6623
6495
8677
4299
6401
3539
4999
7250
6160
3196
6671
5908
4731
4050
9953
4083
1656
7489
8648
1692
7192
5781
2931
8601
3688
2323
3981
9411
404
6854
1515
2481
2886
277
542
1505
5020
3134
8984
5682
4760
1745
7403
4636
2848
5915
4445
3436
4518
8670
6248
5472
9682
5065
3053
268
9836
4793
7641
8902
9366
9500
1024
3252
9797
3501
6038
1280
4224
2113
381
9780
3056
1389
4104
9048
8488
8034
445
9654
9823
4278
7897
9878
5096
5968
6718
5787
4755
7184
3368
6729
5404
9417
9885
7569
2624
8971
482
6346
9248
4625
5946
4366
767
5860
1833
9710
9622
1834
1655
9299
8022
5423
7681
8914
141
7678
3433
8955
8593
5180
4109
6591
3274
6433
3813
2011
8685
9652
3270
853
3842
1905
804
1665
8023
4106
4
7873
5725
8088
6719
1591
9200
8364
738
3416
4437
3094
6418
8192
9723
6912
9837
619
4580
457
6636
9623
3501
4282
2117
5428
8073
7830
3645
6708
4332
3698
6683
8613
6243
2302
8935
1272
2529
32
2033
5869
4003
4924
4686
5133
7109
4786
6684
6388
2286
4292
3671
8329
1590
897
3445
7963
7417
5539
3980
8025
9939
4834
4499
8862
5786
4003
6181
8776
8300
1296
8402
5379
8701
933
5375
7431
7314
2452
5886
3243
9356
182
6345
1780
3436
8063
1544
190
8597
8589
5954
7253
6512
1084
3488
4864
7080
520
1916
1051
4485
5329
3000
8544
2870
1108
1820
674
4071
2284
2471
869
515
7316
1398
9309
8034
4951
8483
929
7779
7766
8693
6875
3062
1814
3781
6288
7936
6435
1808
5911
5185
2901
7880
5063
7346
7630
6198
49
4375
3404
4570
6231
4485
3057
2275
9255
7165
7245
2794
7833
9974
7845
4152
9569
1065
6754
7943
6112
5030
8472
1574
4446
2532
897
8839
2892
8197
3110
2514
7353
5255
3865
9772
2739
7463
7970
9683
8568
5921
3780
1472
7560
8098
8235
1487
5560
3054
2117
4906
822
2653
6858
2193
1444
7777
8697
1910
7203
7779
2576
645
6110
1531
1623
8449
2399
5309
4442
4218
9554
4272
9010
1018
8228
2299
2638
7182
9959
409
9123
978
2725
8267
2269
6213
3870
5020
5073
2396
4289
5216
8193
6930
4611
3557
6826
2365
9230
5212
46
988
73
7601
6073
9772
4752
5285
8002
5210
1616
9213
7456
5027
3521
7491
7350
8039
8288
8586
3773
2572
9400
9200
4204
4078
3421
2188
5734
5668
9316
4998
2737
6302
8178
3542
5950
234
4576
4404
1658
7542
6552
6127
4912
9920
9055
6969
6520
586
6350
3039
2448
1113
3054
8455
9078
1260
927
5474
7711
2921
3894
8401
5255
819
8433
6163
6965
1864
6424
6892
9530
231
8322
9618
7382
2606
4369
6545
5896
2274
43
7790
2032
3096
9510
7225
578
9872
2415
5419
201
4241
1894
2559
549
3951
2554
1869
2258
3737
1197
4577
9815
9711
6595
3099
1384
2337
7373
7423
6904
8755
5132
700
6751
4285
68
2890
3572
4894
703
124
1367
2752
4586
8645
7214
9190
1856
6152
1385
514
8593
9991
4084
3860
6447
8829
1513
4829
8085
3543
8127
1074
3412
5324
947
5179
4892
494
9825
1099
5843
1385
7071
6442
1429
1080
3254
6221
376
439
2462
23
1418
178
213
2329
1961
5485
8556
4438
7439
2333
7311
4225
1273
5395
9230
295
9650
8585
524
6617
5568
5797
4563
9762
1675
2699
8098
3015
3317
3310
4789
508
5483
4487
6383
1635
2566
9326
9015
3343
4494
2325
1612
7559
9900
5653
2629
8022
7979
5359
3498
4063
3722
5092
4169
3965
3664
7569
8342
5528
9949
9106
4850
8677
2728
9240
6902
8581
6378
8085
4204
7677
4022
4867
7882
6389
8020
9908
7948
298
5113
2725
3166
894
7685
4444
9571
959
8792
576
804
2101
2641
3607
9144
3637
9125
7338
44
3971
5337
3861
7248
8084
6156
6219
366
5585
4643
3575
5000
6519
50
7837
9772
5452
8372
3646
5958
8604
8712
1130
7554
6273
1304
8048
3917
4465
5542
9201
9480
3713
3702
8739
3303
8040
3698
4561
5740
8830
6926
4496
698
3619
9817
668
1353
6828
1932
864
5958
4935
5442
6357
5540
7008
1252
7506
5491
7309
3648
6882
8651
1972
4693
9539
5781
2956
4206
9402
7318
6208
5336
7171
89
3072
2274
7414
9448
6754
6720
1830
7079
4774
4588
6516
9005
983
8234
9376
4671
2348
1942
335
7803
7247
3324
7864
9454
3525
9731
3064
1203
300
3111
3525
5176
8675
2785
1568
6734
4386
1029
4563
2349
5259
3353
5434
4753
6872
6077
6223
9990
5012
8587
4285
1259
3206
4541
2934
6854
2423
3221
7280
3348
4117
6540
6250
6091
3952
1307
6364
6510
5937
2575
1180
1516
7419
5309
8589
7493
4409
4066
6962
5962
1511
853
5361
9232
1501
3916
7138
8849
790
8808
6454
9519
2143
1438
