313
10
155
87
424
736
642
458
896
152
960
936
415
728
711
36
496
304
148
453
982
881
625
104
895
432
608
868
203
118
178
610
964
607
206
455
567
981
621
816
624
809
449
641
964
638
718
978
880
642
449
558
439
657
869
185
144
896
652
941
46
954
722
177
688
258
406
271
513
22
914
880
91
773
569
167
236
949
632
838
363
715
941
249
716
632
444
725
934
300
633
804
653
497
791
89
411
607
127
514
290
679
372
487
397
943
171
309
924
353
193
70
934
16
212
257
121
504
763
186
5
208
921
118
430
327
949
838
448
736
957
197
997
516
329
679
290
571
188
872
736
46
428
622
38
27
875
436
763
718
886
411
457
513
11
55
277
496
183
100
59
491
709
660
159
873
523
934
910
509
190
323
731
8
558
368
581
27
125
699
301
550
896
485
630
154
872
363
229
912
802
80
848
556
562
570
259
345
975
927
909
330
599
436
1
195
931
633
16
722
590
605
484
908
191
490
384
496
894
397
451
786
754
148
147
470
72
580
918
18
905
102
699
998
211
805
799
930
535
118
596
740
178
772
532
572
429
480
195
646
271
42
954
732
659
438
544
981
204
277
883
622
412
895
500
412
796
578
769
691
358
378
163
549
934
349
264
962
47
345
299
841
514
541
503
89
969
153
99
110
577
258
327
859
38
774
684
152
192
248
330
904
507
9
67
930
653
620
300
698
785
771
708
140
328
403
61
900
135
481
296
660
443
791
421
755
249
623
328
686
810
539
646
142
124
623
791
527
564
4
950
520
126
161
867
115
159
904
313
418
610
802
387
444
695
952
978
667
106
15
370
539
231
991
506
458
683
456
930
950
5
610
519
871
996
111
938
147
642
271
543
607
854
624
472
897
263
944
257
431
388
641
23
571
569
415
898
742
756
81
482
21
286
417
557
85
181
154
214
303
285
693
122
823
766
168
731
871
833
652
783
507
717
281
379
513
926
696
625
303
981
268
9
504
778
550
628
228
254
692
83
531
253
710
6
494
184
436
521
947
185
615
144
811
431
115
395
729
962
221
788
985
536
127
349
626
838
869
71
146
810
83
6
84
781
557
8
976
854
178
788
792
145
998
799
707
463
91
593
656
551
771
598
392
666
701
321
447
428
73
371
33
79
866
881
958
881
711
203
113
773
741
649
579
639
925
0
926
857
285
442
41
163
758
300
359
935
714
145
68
106
72
731
334
679
365
353
155
902
384
581
269
833
705
580
447
766
159
240
946
449
558
155
512
129
90
481
588
3
186
344
980
60
675
964
581
751
256
747
842
854
219
823
416
461
283
826
488
611
154
163
753
490
849
750
426
525
90
898
650
489
322
228
204
268
857
361
314
51
463
825
980
655
181
575
637
55
269
309
611
505
327
540
257
25
938
785
210
540
283
339
492
471
84
96
975
16
980
399
721
894
655
353
791
653
50
953
98
697
117
578
683
132
349
416
140
562
973
974
285
377
640
775
40
7
934
912
161
355
297
722
229
237
10
69
990
970
109
424
129
544
190
902
909
496
662
778
823
201
982
259
774
720
878
242
344
893
419
928
991
146
603
845
116
141
70
707
30
532
443
697
263
568
747
579
428
801
478
823
998
57
689
410
202
142
793
137
945
207
167
900
748
751
31
68
305
719
486
701
50
494
71
271
904
836
579
111
796
828
19
970
621
144
963
545
163
534
476
479
671
423
214
424
781
624
593
716
591
890
982
553
255
189
695
351
240
393
231
508
746
756
919
416
704
488
142
714
856
612
868
521
998
866
420
752
533
289
452
329
467
601
218
810
0
643
980
68
35
675
964
832
585
726
775
324
339
413
608
219
763
260
709
507
258
252
701
728
185
988
709
254
90
391
270
811
586
150
53
363
421
582
655
869
950
12
614
667
226
469
860
183
904
539
251
720
999
985
590
260
371
31
856
191
534
257
71
666
831
930
876
527
866
326
642
617
12
532
913
648
137
51
486
610
595
236
945
93
137
124
130
264
50
725
800
714
28
787
0
266
6
673
6
869
550
46
659
30
207
610
556
592
939
730
474
703
417
435
427
861
75
995
989
384
255
27
858
400
304
488
380
591
56
129
311
225
100
147
701
634
436
776
786
135
798
927
229
852
693
868
71
853
563
408
907
536
304
947
258
231
670
614
113
532
435
197
466
886
794
993
388
456
950
780
64
751
932
101
817
860
180
692
351
456
459
400
120
44
129
675
19
371
514
711
875
7
819
785
588
488
930
436
677
651
770
737
729
295
962
10
740
