0
0
0
1
3
4
5
5
6
6
6
6
7
7
8
8
9
9
10
10
10
11
12
12
15
16
16
16
18
19
19
21
22
23
25
27
27
27
28
30
30
31
31
33
35
36
38
38
40
41
42
44
46
46
46
47
50
50
50
51
51
53
55
55
56
57
59
60
61
64
67
68
68
68
69
70
70
71
71
71
71
72
72
73
75
79
80
81
83
83
84
84
85
87
89
89
90
90
90
91
91
93
96
98
99
100
100
101
102
104
106
106
109
110
111
111
113
113
115
115
116
117
118
118
118
120
121
122
124
124
125
126
127
127
129
129
129
129
130
132
135
135
137
137
137
140
140
141
142
142
142
144
144
144
145
145
146
146
147
147
147
148
148
150
152
152
153
154
154
154
155
155
155
159
159
159
161
161
163
163
163
163
167
167
168
171
177
178
178
178
180
181
181
183
183
184
185
185
185
186
186
188
189
190
190
191
191
192
193
195
195
197
197
201
202
203
203
204
204
206
207
207
208
210
211
212
214
214
218
219
219
221
225
226
228
228
229
229
229
231
231
231
236
236
237
240
240
242
248
249
249
251
252
253
254
254
255
255
256
257
257
257
257
258
258
258
258
259
259
260
260
263
263
264
264
266
268
268
269
269
270
271
271
271
271
277
277
281
283
283
285
285
285
286
289
290
290
295
296
297
299
300
300
300
301
303
303
304
304
304
305
309
309
311
313
313
314
321
322
323
324
326
327
327
327
328
328
329
329
330
330
334
339
339
344
344
345
345
349
349
349
351
351
353
353
353
355
358
359
361
363
363
363
365
368
370
371
371
371
372
377
378
379
380
384
384
384
387
388
388
391
392
393
395
397
397
399
400
400
403
406
408
410
411
411
412
412
413
415
415
416
416
416
417
417
418
419
420
421
421
423
424
424
424
426
427
428
428
428
429
430
431
431
432
435
435
436
436
436
436
436
438
439
442
443
443
444
444
447
447
448
449
449
449
451
452
453
455
456
456
456
457
458
458
459
461
463
463
466
467
469
470
471
472
474
476
478
479
480
481
481
482
484
485
486
486
487
488
488
488
488
489
490
490
491
492
494
494
496
496
496
496
497
500
503
504
504
505
506
507
507
507
508
509
512
513
513
513
514
514
514
516
519
520
521
521
523
525
527
527
531
532
532
532
532
533
534
534
535
536
536
539
539
539
540
540
541
543
544
544
545
549
550
550
550
551
553
556
556
557
557
558
558
558
562
562
563
564
567
568
569
569
570
571
571
572
575
577
578
578
579
579
579
580
580
581
581
581
582
585
586
588
588
590
590
591
591
592
593
593
595
596
598
599
601
603
605
607
607
607
608
608
610
610
610
610
610
611
611
612
614
614
615
617
620
621
621
622
622
623
623
624
624
624
625
625
626
628
630
632
632
633
633
634
637
638
639
640
641
641
642
642
642
642
643
646
646
648
649
650
651
652
652
653
653
653
655
655
655
656
657
659
659
660
660
662
666
666
667
667
670
671
673
675
675
675
677
679
679
679
683
683
684
686
688
689
691
692
692
693
693
695
695
696
697
697
698
699
699
701
701
701
701
703
704
705
707
707
708
709
709
709
710
711
711
711
714
714
714
715
716
716
717
718
718
719
720
720
721
722
722
722
725
725
726
728
728
729
729
730
731
731
731
732
736
736
736
737
740
740
741
742
746
747
747
748
750
751
751
751
752
753
754
755
756
756
758
763
763
763
766
766
769
770
771
771
772
773
773
774
774
775
775
776
778
778
780
781
781
783
785
785
785
786
786
787
788
788
791
791
791
791
792
793
794
796
796
798
799
799
800
801
802
802
804
805
809
810
810
810
811
811
816
817
819
823
823
823
823
825
826
828
831
832
833
833
836
838
838
838
841
842
845
848
849
852
853
854
854
854
856
856
857
857
858
859
860
860
861
866
866
866
867
868
868
868
869
869
869
869
871
871
872
872
873
875
875
876
878
880
880
881
881
881
883
886
886
890
893
894
894
895
895
896
896
896
897
898
898
900
900
902
902
904
904
904
904
905
907
908
909
909
910
912
912
913
914
918
919
921
924
925
926
926
927
927
928
930
930
930
930
930
931
932
934
934
934
934
934
935
936
938
938
939
941
941
943
944
945
945
946
947
947
949
949
950
950
950
950
952
953
954
954
957
958
960
962
962
962
963
964
964
964
964
969
970
970
973
974
975
975
976
978
978
980
980
980
980
981
981
981
982
982
982
985
985
988
989
990
991
991
993
995
996
997
998
998
998
998
999
