0
1
1
1
2
3
4
5
7
7
7
8
12
14
15
20
21
21
21
22
23
24
24
26
27
31
32
32
32
33
42
42
42
43
44
44
45
45
46
47
49
49
49
49
50
50
51
51
52
53
54
55
57
58
59
60
61
62
62
62
62
63
64
65
65
65
66
68
69
70
72
73
73
75
75
76
76
77
77
78
80
81
81
82
86
86
86
88
89
90
90
93
93
94
95
96
97
98
99
102
106
106
107
107
107
108
108
109
110
110
110
112
113
113
118
118
119
121
123
123
124
124
124
124
124
124
125
127
127
127
127
131
131
131
136
137
137
138
141
141
141
141
141
141
142
142
143
143
145
146
147
148
148
149
150
150
150
151
152
154
154
154
155
155
156
156
157
157
158
159
159
160
160
160
162
164
165
165
167
168
168
169
170
171
171
171
172
172
172
172
173
175
176
177
178
178
178
178
179
179
179
180
181
182
182
182
184
190
190
192
194
195
196
197
197
199
199
199
200
201
201
204
206
208
209
211
212
213
213
214
219
220
223
224
226
226
227
228
228
229
230
230
231
231
231
232
234
234
236
236
237
238
239
241
244
245
246
246
246
249
254
258
259
259
260
261
262
265
268
268
270
273
274
275
275
275
275
275
276
277
277
277
278
279
280
280
283
284
285
286
286
286
287
287
290
290
290
291
291
292
292
292
294
295
296
298
298
299
300
300
300
303
304
304
307
307
310
311
313
314
315
315
315
317
317
317
318
318
319
321
323
324
324
326
329
329
331
332
332
332
332
334
335
336
337
338
343
344
345
345
348
348
348
349
352
353
354
354
358
359
359
362
363
364
365
365
366
368
370
371
371
373
375
375
376
378
379
381
381
383
385
385
385
386
387
389
390
390
391
392
393
394
394
394
395
395
396
397
397
399
400
400
400
401
402
403
404
404
404
404
405
407
407
408
409
413
414
415
415
417
419
419
419
420
426
426
428
431
432
432
434
437
437
438
439
439
440
440
440
441
442
444
444
444
445
446
447
447
447
448
448
450
450
451
451
452
453
453
455
456
457
457
458
458
461
464
464
464
464
465
468
468
468
468
469
471
471
471
472
472
472
473
474
475
475
476
476
478
479
481
482
482
483
483
485
486
490
491
492
492
493
493
494
496
498
498
499
499
500
502
503
503
505
506
507
508
508
508
509
509
510
511
511
511
512
513
513
514
514
515
517
518
520
520
521
521
521
522
524
527
527
528
528
530
531
531
532
532
533
534
535
536
537
537
538
539
539
540
540
541
541
541
542
542
542
543
543
543
545
549
549
551
553
553
553
554
555
555
558
558
561
561
564
565
566
566
567
568
568
570
571
573
576
576
577
578
585
585
586
586
586
586
586
586
587
588
588
594
595
598
599
600
601
602
605
606
609
610
610
615
616
617
617
619
619
620
621
621
621
622
622
623
624
624
624
628
632
632
632
633
633
634
634
635
636
637
637
639
640
641
644
645
646
646
648
649
650
651
652
657
657
658
659
660
663
664
665
665
665
667
667
667
668
670
671
672
673
673
674
675
675
676
676
678
680
680
681
684
686
687
691
691
693
693
694
694
695
695
695
696
698
699
699
700
700
702
703
703
704
704
704
707
708
708
708
709
710
712
713
714
714
716
716
716
717
718
718
719
721
722
722
722
723
723
725
725
727
728
728
729
730
730
731
731
732
732
733
738
738
739
740
741
741
742
746
747
750
752
753
755
755
756
757
757
758
760
760
760
760
761
761
761
762
762
762
763
763
765
765
766
767
767
767
769
769
770
772
772
774
774
774
776
781
782
782
783
785
790
790
790
790
792
793
794
794
796
798
798
798
799
799
801
801
801
803
804
804
804
805
806
810
810
811
812
812
813
814
814
815
816
816
819
819
820
822
822
822
822
824
824
824
826
827
827
828
830
831
831
832
834
834
835
837
838
838
840
841
841
842
842
843
845
850
850
851
852
853
853
853
855
856
856
856
857
860
860
863
864
864
865
866
866
867
867
867
868
869
869
869
870
870
870
871
871
871
872
873
874
874
874
875
877
879
880
881
881
882
882
884
885
885
886
889
890
890
892
894
897
897
898
898
899
900
900
901
903
903
903
905
906
906
907
907
908
911
912
914
915
921
921
922
923
925
925
926
926
927
927
928
929
929
930
931
931
932
932
933
933
935
937
940
940
940
942
942
943
943
944
945
946
947
948
948
949
950
951
951
952
956
957
958
959
961
962
965
968
968
969
969
969
969
969
969
969
970
970
970
971
971
973
974
975
975
976
976
976
978
978
979
979
981
981
981
981
982
982
982
983
983
983
983
984
985
985
987
988
988
989
989
989
994
995
995
996
997
998
999
1000
1000
1000
1002
1002
1003
1005
1009
1010
1011
1012
1014
1015
1015
1017
1018
1018
1018
1018
1018
1019
1020
1021
1021
1022
1024
1025
1025
1026
1027
1027
1027
1027
1028
1028
1029
1030
1030
1034
1034
1038
1038
1038
1042
1043
1043
1043
1043
1043
1044
1045
1045
1045
1046
1047
1048
1048
1051
1052
1052
1054
1055
1055
1056
1056
1059
1060
1060
1062
1062
1063
1063
1064
1065
1065
1065
1065
1066
1066
1069
1071
1072
1072
1074
1074
1077
1078
1078
1079
1080
1081
1082
1084
1086
1086
1086
1087
1087
1087
1087
1088
1088
1088
1088
1089
1091
1092
1092
1093
1096
1096
1096
1097
1098
1099
1099
1100
1107
1108
1109
1110
1112
1112
1112
1113
1113
1113
1113
1113
1114
1115
1115
1116
1117
1118
1118
1119
1119
1119
1120
1121
1121
1121
1122
1124
1124
1125
1125
1125
1126
1127
1127
1130
1132
1134
1134
1137
1137
1138
1141
1142
1142
1144
1144
1145
1146
1147
1147
1148
1148
1150
1151
1151
1151
1152
1153
1156
1158
1159
1162
1163
1164
1167
1168
1169
1170
1170
1171
1174
1179
1180
1180
1180
1183
1185
1186
1186
1187
1189
1189
1191
1192
1192
1193
1193
1194
1194
1195
1195
1196
1197
1197
1199
1200
1203
1203
1204
1207
1208
1209
1210
1211
1211
1211
1212
1213
1213
1214
1216
1216
1216
1217
1218
1219
1220
1222
1223
1228
1230
1231
1231
1232
1232
1233
1233
1234
1234
1236
1237
1238
1239
1239
1240
1242
1245
1246
1246
1247
1249
1250
1250
1251
1252
1253
1253
1254
1254
1255
1257
1258
1259
1259
1260
1260
1260
1262
1262
1262
1263
1264
1264
1265
1266
1269
1271
1271
1271
1272
1273
1273
1274
1275
1276
1277
1279
1279
1280
1280
1280
1280
1280
1281
1281
1281
1282
1282
1285
1286
1287
1287
1288
1291
1294
1294
1296
1296
1297
1297
1298
1300
1300
1301
1302
1304
1304
1305
1305
1305
1307
1307
1307
1308
1308
1308
1309
1309
1310
1311
1314
1314
1317
1317
1319
1320
1321
1321
1322
1322
1323
1323
1323
1324
1324
1325
1325
1327
1327
1327
1329
1329
1329
1329
1330
1330
1332
1332
1335
1335
1337
1340
1342
1343
1343
1346
1346
1346
1348
1348
1348
1349
1352
1353
1354
1354
1354
1354
1354
1354
1355
1355
1356
1356
1359
1364
1365
1366
1367
1367
1367
1368
1369
1370
1372
1372
1373
1373
1375
1376
1376
1378
1379
1379
1380
1380
1381
1383
1383
1384
1385
1385
1385
1385
1387
1388
1389
1389
1389
1390
1392
1392
1394
1395
1396
1396
1396
1396
1398
1399
1399
1400
1400
1402
1403
1404
1404
1405
1406
1407
1407
1410
1411
1412
1413
1413
1414
1414
1415
1416
1417
1418
1418
1420
1420
1421
1423
1424
1425
1425
1426
1427
1429
1431
1432
1433
1434
1435
1435
1435
1437
1438
1438
1439
1439
1441
1442
1442
1443
1443
1444
1445
1447
1447
1448
1453
1455
1456
1459
1460
1461
1461
1461
1463
1464
1464
1466
1468
1472
1472
1474
1475
1476
1477
1478
1478
1478
1478
1480
1484
1484
1484
1485
1485
1485
1485
1487
1489
1489
1489
1491
1491
1494
1494
1494
1497
1497
1498
1500
1501
1502
1502
1502
1504
1504
1505
1505
1505
1505
1506
1506
1510
1510
1511
1511
1512
1512
1512
1513
1513
1513
1513
1513
1514
1514
1515
1516
1516
1516
1517
1520
1521
1522
1524
1526
1526
1527
1530
1531
1532
1532
1532
1534
1534
1535
1535
1536
1537
1539
1542
1542
1544
1544
1545
1546
1546
1547
1548
1549
1549
1549
1550
1551
1551
1551
1552
1553
1554
1554
1556
1558
1558
1560
1561
1562
1562
1562
1563
1563
1565
1567
1568
1571
1572
1573
1574
1574
1579
1580
1582
1582
1583
1583
1583
1585
1585
1586
1588
1590
1590
1591
1592
1595
1597
1597
1597
1597
1598
1599
1599
1599
1601
1601
1602
1603
1604
1604
1605
1605
1605
1606
1609
1610
1612
1612
1613
1614
1614
1616
1617
1620
1621
1622
1622
1622
1623
1623
1625
1626
1628
1628
1628
1629
1632
1634
1635
1635
1635
1636
1636
1639
1640
1643
1643
1643
1644
1644
1646
1646
1647
1649
1650
1650
1653
1653
1653
1655
1655
1655
1656
1656
1656
1657
1657
1658
1659
1660
1663
1663
1665
1665
1665
1667
1669
1671
1671
1671
1672
1672
1673
1673
1675
1675
1675
1675
1678
1680
1683
1684
1685
1690
1691
1691
1692
1692
1693
1693
1694
1695
1697
1698
1698
1701
1702
1705
1706
1707
1709
1711
1712
1714
1717
1717
1717
1718
1719
1719
1719
1720
1723
1725
1726
1726
1727
1727
1729
1729
1730
1733
1734
1736
1737
1738
1738
1738
1739
1741
1741
1741
1743
1745
1745
1745
1746
1748
1748
1748
1751
1753
1755
1757
1761
1762
1764
1764
1764
1766
1767
1774
1774
1775
1775
1776
1776
1780
1780
1781
1784
1784
1792
1796
1796
1796
1796
1797
1798
1798
1798
1803
1803
1803
1803
1804
1804
1805
1807
1808
1808
1809
1810
1812
1813
1814
1817
1820
1822
1822
1822
1822
1823
1826
1829
1829
1829
1830
1832
1833
1833
1834
1834
1836
1841
1841
1845
1845
1845
1845
1847
1848
1849
1850
1851
1852
1852
1853
1855
1855
1856
1856
1856
1857
1858
1858
1862
1863
1864
1865
1865
1866
1866
1866
1868
1869
1873
1873
1873
1873
1873
1873
1873
1873
1873
1874
1875
1875
1876
1877
1877
1879
1881
1881
1882
1882
1882
1884
1884
1885
1887
1888
1889
1889
1890
1891
1894
1895
1895
1896
1898
1899
1901
1901
1901
1901
1902
1902
1903
1904
1905
1906
1907
1910
1912
1913
1914
1915
1915
1916
1916
1918
1918
1918
1921
1921
1923
1924
1927
1928
1929
1929
1932
1932
1933
1933
1934
1935
1935
1936
1937
1937
1941
1941
1942
1945
1945
1947
1949
1950
1950
1951
1952
1954
1955
1956
1956
1956
1957
1958
1961
1961
1963
1963
1968
1968
1968
1969
1972
1974
1975
1976
1976
1977
1979
1980
1981
1981
1983
1983
1985
1987
1988
1989
1989
1990
1990
1990
1991
1994
1995
1995
1995
1996
1996
1996
1997
1998
1999
2003
2004
2006
2007
2008
2010
2011
2012
2012
2013
2014
2015
2016
2018
2018
2019
2019
2022
2023
2024
2024
2025
2025
2028
2029
2032
2032
2033
2038
2038
2039
2040
2040
2043
2043
2043
2045
2045
2049
2050
2052
2053
2054
2054
2054
2055
2056
2058
2059
2061
2062
2063
2063
2064
2067
2068
2068
2069
2070
2071
2072
2073
2073
2073
2074
2075
2076
2077
2078
2079
2080
2081
2083
2084
2086
2086
2087
2089
2090
2090
2090
2091
2091
2091
2094
2094
2095
2096
2097
2097
2098
2098
2098
2099
2101
2101
2101
2103
2104
2105
2105
2107
2107
2107
2107
2109
2113
2113
2114
2117
2117
2118
2118
2119
2121
2121
2125
2125
2125
2126
2126
2128
2128
2130
2131
2132
2133
2134
2135
2135
2135
2135
2137
2137
2138
2138
2139
2140
2140
2141
2141
2143
2145
2145
2145
2146
2146
2146
2147
2148
2149
2150
2155
2156
2157
2157
2157
2158
2159
2160
2160
2161
2162
2163
2164
2168
2168
2169
2171
2171
2171
2172
2175
2176
2178
2180
2180
2184
2184
2184
2185
2185
2186
2186
2187
2188
2188
2190
2191
2193
2194
2194
2195
2197
2197
2199
2199
2201
2202
2203
2204
2207
2208
2208
2209
2209
2211
2212
2212
2212
2213
2213
2214
2215
2216
2216
2216
2217
2219
2219
2220
2220
2220
2221
2222
2222
2224
2225
2226
2227
2230
2231
2232
2234
2234
2236
2236
2237
2237
2238
2240
2242
2242
2242
2243
2244
2244
2245
2246
2246
2246
2247
2250
2250
2252
2252
2254
2255
2256
2258
2260
2264
2266
2267
2267
2267
2268
2268
2269
2269
2270
2272
2274
2274
2275
2275
2275
2275
2275
2277
2280
2281
2281
2282
2282
2284
2285
2286
2286
2291
2292
2292
2294
2295
2295
2298
2299
2299
2299
2299
2299
2299
2300
2300
2301
2301
2302
2303
2303
2307
2307
2308
2308
2310
2312
2313
2314
2316
2316
2318
2320
2320
2322
2322
2323
2325
2325
2326
2326
2329
2330
2330
2331
2333
2335
2337
2337
2338
2338
2339
2339
2340
2343
2344
2345
2345
2347
2348
2348
2349
2350
2351
2351
2352
2353
2356
2356
2357
2359
2360
2361
2361
2361
2361
2362
2362
2363
2364
2365
2365
2366
2370
2370
2370
2373
2374
2375
2375
2375
2376
2376
2377
2378
2380
2381
2383
2384
2384
2384
2385
2385
2387
2390
2392
2393
2393
2393
2394
2395
2396
2399
2399
2399
2400
2401
2402
2404
2405
2406
2408
2408
2409
2410
2411
2412
2415
2415
2416
2416
2417
2418
2418
2420
2421
2423
2423
2424
2424
2425
2426
2428
2431
2432
2433
2433
2433
2434
2434
2434
2436
2437
2437
2437
2438
2439
2439
2440
2441
2442
2443
2443
2444
2444
2445
2446
2446
2447
2448
2450
2450
2451
2452
2452
2452
2453
2454
2455
2456
2458
2460
2461
2462
2467
2469
2470
2470
2471
2471
2471
2472
2472
2474
2475
2475
2476
2476
2476
2478
2478
2480
2481
2482
2482
2482
2484
2485
2486
2486
2486
2490
2492
2492
2493
2495
2496
2499
2499
2500
2502
2503
2504
2505
2508
2509
2510
2510
2513
2514
2514
2515
2516
2517
2517
2517
2518
2519
2519
2520
2520
2522
2522
2524
2524
2525
2526
2526
2527
2529
2529
2531
2532
2533
2534
2536
2536
2540
2541
2542
2544
2545
2546
2546
2548
2548
2548
2548
2551
2552
2553
2554
2554
2555
2555
2555
2555
2559
2561
2561
2562
2564
2566
2566
2567
2567
2567
2569
2570
2570
2571
2572
2574
2575
2575
2576
2580
2581
2583
2584
2585
2586
2586
2586
2587
2590
2591
2592
2594
2594
2595
2598
2598
2600
2600
2600
2600
2602
2603
2603
2606
2607
2607
2608
2609
2609
2609
2610
2612
2613
2614
2615
2616
2620
2621
2621
2623
2624
2626
2627
2629
2629
2630
2631
2632
2632
2635
2635
2636
2637
2637
2637
2638
2641
2643
2643
2643
2646
2648
2650
2651
2651
2652
2653
2655
2655
2655
2655
2656
2657
2657
2657
2660
2662
2662
2663
2664
2664
2665
2666
2668
2669
2669
2671
2671
2674
2676
2678
2679
2680
2682
2682
2683
2684
2684
2685
2686
2686
2689
2691
2693
2695
2695
2695
2698
2699
2699
2700
2702
2704
2705
2706
2706
2707
2707
2708
2710
2710
2713
2717
2718
2720
2722
2722
2723
2724
2725
2725
2725
2726
2726
2727
2727
2728
2732
2734
2736
2737
2737
2739
2739
2741
2742
2743
2744
2744
2746
2747
2749
2752
2752
2755
2756
2757
2757
2758
2758
2758
2761
2762
2762
2763
2766
2766
2766
2767
2768
2768
2768
2768
2772
2775
2777
2777
2777
2777
2779
2781
2781
2782
2782
2783
2785
2785
2787
2790
2790
2790
2791
2791
2794
2795
2795
2798
2798
2799
2799
2800
2803
2804
2806
2806
2807
2808
2808
2810
2810
2810
2811
2811
2813
2816
2824
2824
2825
2826
2826
2826
2827
2828
2835
2835
2835
2835
2836
2838
2838
2839
2839
2842
2842
2847
2848
2848
2848
2848
2850
2852
2853
2854
2854
2855
2855
2856
2858
2862
2863
2863
2863
2865
2865
2868
2869
2870
2870
2870
2871
2873
2876
2876
2879
2879
2880
2881
2881
2882
2882
2883
2885
2886
2888
2888
2889
2890
2890
2891
2892
2892
2894
2894
2894
2894
2895
2896
2896
2897
2897
2897
2898
2899
2901
2902
2902
2903
2906
2906
2906
2906
2907
2907
2909
2909
2909
2910
2910
2911
2911
2913
2913
2915
2915
2916
2916
2916
2919
2919
2921
2921
2923
2925
2925
2926
2926
2926
2926
2926
2927
2929
2929
2931
2931
2931
2934
2935
2939
2940
2941
2945
2948
2949
2951
2951
2953
2955
2956
2958
2958
2958
2959
2960
2961
2962
2963
2965
2967
2970
2970
2973
2973
2976
2978
2982
2983
2984
2984
2984
2985
2985
2985
2987
2990
2991
2991
2992
2995
2996
2999
2999
2999
3000
3000
3001
3002
3004
3005
3006
3006
3006
3007
3008
3010
3010
3011
3012
3015
3016
3017
3018
3021
3022
3022
3023
3024
3025
3025
3025
3025
3026
3027
3027
3027
3028
3029
3029
3030
3030
3031
3031
3031
3032
3034
3034
3035
3035
3038
3038
3039
3039
3041
3042
3042
3043
3043
3043
3047
3047
3048
3049
3050
3050
3051
3053
3054
3054
3055
3056
3057
3060
3060
3061
3062
3062
3062
3063
3063
3064
3064
3066
3066
3066
3066
3067
3069
3070
3072
3074
3074
3075
3075
3076
3077
3078
3079
3079
3081
3082
3083
3084
3085
3085
3085
3086
3088
3088
3090
3093
3094
3094
3094
3095
3096
3098
3098
3098
3098
3099
3100
3100
3100
3101
3102
3103
3104
3105
3106
3106
3106
3107
3107
3108
3109
3110
3110
3111
3111
3113
3113
3116
3116
3117
3120
3126
3126
3131
3131
3133
3133
3134
3134
3134
3139
3140
3141
3142
3142
3145
3146
3146
3148
3150
3155
3156
3156
3156
3157
3158
3158
3160
3160
3164
3164
3165
3165
3166
3166
3168
3168
3170
3170
3170
3171
3171
3173
3175
3176
3177
3179
3181
3182
3184
3186
3186
3186
3186
3187
3188
3190
3191
3191
3192
3193
3194
3196
3196
3196
3196
3199
3199
3200
3200
3203
3204
3205
3206
3208
3209
3209
3209
3210
3212
3213
3214
3215
3216
3218
3220
3220
3221
3222
3222
3222
3223
3224
3225
3226
3226
3226
3227
3230
3232
3233
3235
3236
3237
3238
3240
3241
3242
3243
3243
3244
3246
3246
3248
3250
3252
3254
3254
3257
3261
3261
3262
3263
3263
3263
3266
3267
3268
3270
3273
3273
3273
3274
3275
3275
3276
3281
3284
3285
3285
3285
3286
3290
3292
3292
3293
3293
3293
3293
3293
3293
3297
3301
3301
3303
3307
3309
3310
3310
3311
3313
3313
3315
3316
3317
3317
3317
3317
3317
3318
3319
3319
3320
3320
3321
3323
3324
3325
3326
3327
3327
3327
3329
3330
3332
3333
3334
3334
3336
3337
3339
3342
3343
3345
3345
3346
3346
3346
3347
3347
3348
3348
3348
3348
3349
3350
3351
3352
3352
3353
3353
3353
3354
3354
3354
3357
3358
3359
3359
3359
3361
3362
3366
3366
3367
3367
3368
3370
3370
3370
3372
3375
3378
3378
3380
3381
3382
3384
3385
3385
3385
3387
3387
3388
3388
3391
3391
3391
3393
3394
3394
3394
3398
3399
3401
3401
3403
3404
3405
3408
3408
3409
3409
3410
3412
3413
3413
3413
3414
3414
3414
3416
3417
3417
3417
3418
3419
3420
3421
3423
3424
3425
3427
3427
3429
3432
3432
3433
3434
3435
3436
3436
3436
3436
3439
3439
3440
3441
3441
3442
3445
3445
3445
3446
3447
3447
3447
3448
3449
3449
3450
3451
3451
3452
3452
3453
3453
3453
3453
3454
3454
3455
3455
3457
3458
3458
3459
3460
3461
3463
3465
3465
3467
3468
3468
3470
3470
3475
3476
3476
3476
3476
3478
3478
3478
3478
3480
3480
3481
3481
3482
3482
3484
3485
3486
3487
3487
3488
3488
3489
3490
3491
3493
3494
3498
3498
3499
3500
3500
3501
3501
3501
3501
3504
3504
3507
3508
3508
3508
3509
3511
3511
3512
3513
3514
3514
3517
3518
3518
3519
3519
3521
3522
3523
3524
3525
3525
3525
3528
3528
3530
3533
3534
3534
3534
3536
3536
3537
3539
3542
3543
3544
3545
3548
3548
3549
3549
3549
3552
3553
3554
3555
3555
3556
3556
3557
3559
3560
3561
3562
3562
3563
3565
3565
3567
3570
3570
3570
3571
3572
3572
3574
3574
3575
3575
3575
3576
3576
3576
3578
3581
3581
3582
3583
3586
3587
3588
3589
3589
3591
3591
3593
3594
3594
3604
3605
3605
3606
3606
3607
3609
3610
3610
3610
3610
3610
3611
3611
3611
3613
3614
3614
3614
3618
3618
3619
3619
3620
3623
3624
3627
3627
3628
3628
3632
3632
3632
3633
3633
3634
3634
3635
3635
3637
3641
3641
3641
3642
3643
3644
3645
3646
3648
3649
3649
3650
3652
3652
3652
3654
3655
3655
3657
3660
3661
3663
3663
3664
3664
3666
3671
3673
3674
3674
3675
3676
3677
3677
3679
3680
3681
3681
3681
3682
3684
3685
3685
3687
3688
3689
3693
3693
3693
3696
3697
3697
3698
3698
3700
3700
3701
3701
3702
3702
3703
3703
3707
3709
3710
3710
3711
3713
3714
3714
3714
3718
3718
3718
3719
3721
3721
3722
3722
3722
3723
3725
3726
3729
3730
3731
3731
3731
3732
3733
3733
3734
3735
3737
3737
3737
3738
3739
3739
3741
3741
3742
3743
3745
3746
3751
3758
3760
3760
3760
3765
3765
3765
3767
3772
3772
3773
3774
3775
3777
3778
3778
3779
3779
3779
3780
3780
3781
3782
3784
3785
3785
3786
3787
3789
3789
3791
3791
3791
3793
3794
3794
3795
3795
3796
3796
3799
3800
3801
3803
3804
3806
3809
3809
3810
3813
3813
3813
3813
3816
3817
3817
3817
3819
3821
3822
3822
3823
3824
3824
3826
3827
3827
3827
3829
3832
3832
3832
3833
3833
3836
3836
3836
3837
3838
3840
3841
3841
3842
3842
3843
3844
3844
3844
3845
3845
3845
3849
3849
3850
3851
3851
3852
3852
3856
3857
3857
3860
3861
3863
3865
3865
3865
3867
3868
3870
3872
3875
3875
3875
3876
3877
3878
3880
3880
3881
3882
3883
3883
3884
3885
3886
3888
3889
3890
3890
3891
3894
3894
3894
3895
3895
3896
3897
3897
3900
3903
3904
3905
3905
3905
3906
3907
3909
3909
3910
3911
3911
3911
3913
3915
3916
3916
3916
3917
3917
3918
3922
3922
3923
3926
3926
3926
3926
3928
3928
3928
3929
3929
3931
3932
3932
3934
3935
3935
3935
3936
3938
3938
3939
3939
3940
3941
3942
3944
3946
3946
3946
3947
3950
3950
3950
3951
3952
3954
3954
3956
3956
3956
3957
3958
3964
3965
3965
3965
3965
3965
3967
3967
3967
3968
3969
3969
3969
3970
3971
3972
3973
3976
3979
3979
3980
3981
3981
3982
3983
3983
3983
3984
3985
3985
3985
3987
3987
3987
3988
3989
3989
3991
3992
3992
3993
3995
3995
3998
3998
3999
4000
4003
4003
4003
4004
4005
4008
4008
4008
4010
4010
4011
4013
4014
4016
4018
4021
4022
4023
4025
4026
4027
4029
4031
4032
4032
4032
4032
4032
4033
4033
4038
4039
4042
4042
4043
4044
4044
4047
4047
4048
4049
4050
4050
4054
4054
4056
4058
4059
4059
4063
4064
4064
4064
4066
4066
4066
4069
4071
4071
4072
4076
4076
4077
4077
4078
4080
4082
4082
4083
4083
4084
4087
4092
4092
4094
4095
4097
4097
4099
4102
4103
4104
4104
4105
4106
4109
4113
4113
4115
4116
4116
4117
4117
4117
4121
4123
4123
4123
4127
4129
4130
4132
4133
4134
4135
4135
4135
4137
4137
4142
4143
4143
4144
4144
4145
4145
4146
4147
4148
4150
4150
4152
4152
4155
4155
4155
4156
4156
4156
4158
4159
4160
4161
4161
4162
4165
4166
4167
4167
4167
4168
4168
4169
4169
4170
4170
4172
4174
4178
4179
4180
4180
4182
4182
4182
4183
4185
4187
4187
4187
4187
4187
4188
4188
4189
4191
4192
4194
4194
4194
4195
4196
4197
4197
4198
4200
4204
4204
4204
4205
4206
4208
4208
4209
4210
4211
4211
4214
4214
4215
4216
4218
4218
4221
4223
4224
4224
4225
4225
4226
4226
4227
4227
4227
4227
4229
4229
4231
4232
4233
4235
4236
4239
4239
4241
4243
4245
4246
4246
4247
4248
4251
4251
4252
4253
4255
4258
4259
4259
4259
4259
4263
4263
4265
4265
4266
4272
4275
4275
4276
4278
4279
4280
4281
4282
4282
4283
4285
4285
4285
4285
4286
4287
4288
4289
4289
4291
4291
4292
4293
4295
4296
4299
4301
4301
4303
4303
4305
4305
4306
4308
4309
4311
4311
4312
4316
4316
4318
4318
4320
4321
4321
4323
4324
4324
4325
4326
4326
4326
4326
4327
4327
4327
4329
4330
4330
4330
4330
4331
4331
4332
4332
4332
4334
4336
4336
4336
4337
4339
4339
4339
4339
4341
4341
4343
4345
4347
4347
4347
4351
4353
4353
4356
4358
4359
4359
4360
4360
4360
4361
4361
4362
4362
4362
4362
4363
4363
4364
4366
4366
4367
4367
4368
4369
4369
4372
4372
4374
4374
4375
4375
4375
4376
4377
4377
4378
4379
4380
4383
4384
4384
4385
4386
4387
4389
4390
4391
4392
4392
4393
4397
4397
4399
4399
4399
4400
4402
4403
4403
4403
4404
4404
4404
4404
4405
4406
4408
4409
4410
4413
4413
4414
4416
4417
4419
4419
4419
4419
4422
4422
4422
4422
4428
4431
4431
4431
4431
4432
4432
4432
4433
4434
4434
4435
4436
4437
4437
4437
4437
4437
4438
4438
4438
4438
4438
4439
4440
4441
4441
4442
4444
4444
4445
4446
4446
4448
4450
4450
4450
4451
4452
4452
4454
4456
4458
4459
4459
4460
4461
4461
4463
4463
4463
4465
4465
4465
4466
4466
4468
4469
4470
4471
4471
4471
4471
4474
4475
4475
4475
4478
4478
4481
4481
4482
4482
4484
4485
4485
4485
4487
4488
4489
4490
4492
4492
4493
4494
4494
4495
4496
4499
4499
4501
4501
4502
4508
4510
4510
4512
4512
4512
4513
4513
4513
4515
4515
4518
4518
4520
4523
4525
4527
4530
4533
4534
4536
4536
4536
4537
4537
4539
4540
4540
4540
4541
4541
4544
4546
4547
4548
4549
4551
4552
4553
4557
4557
4558
4560
4561
4561
4562
4562
4563
4563
4563
4565
4567
4568
4570
4570
4572
4574
4575
4575
4576
4577
4577
4578
4578
4579
4580
4580
4583
4586
4586
4587
4588
4588
4588
4589
4589
4591
4594
4595
4595
4597
4600
4601
4601
4602
4603
4604
4604
4604
4605
4606
4608
4608
4611
4611
4611
4615
4616
4616
4619
4621
4621
4622
4623
4624
4624
4625
4626
4627
4627
4627
4628
4628
4629
4630
4631
4631
4632
4635
4635
4635
4636
4637
4640
4642
4643
4643
4644
4645
4645
4645
4646
4646
4646
4648
4650
4653
4654
4655
4657
4657
4657
4659
4662
4662
4664
4665
4665
4666
4667
4668
4668
4671
4671
4672
4674
4674
4674
4675
4676
4676
4676
4677
4677
4678
4679
4680
4682
4683
4683
4684
4686
4686
4687
4687
4688
4689
4690
4690
4690
4691
4692
4693
4694
4695
4696
4696
4697
4698
4699
4700
4701
4701
4703
4706
4706
4707
4709
4709
4710
4712
4714
4715
4718
4718
4719
4719
4720
4720
4721
4721
4722
4723
4726
4726
4728
4728
4728
4728
4731
4731
4733
4733
4735
4735
4738
4738
4738
4740
4742
4745
4746
4747
4749
4751
4752
4753
4755
4756
4759
4759
4760
4760
4760
4761
4761
4763
4763
4765
4766
4769
4773
4773
4774
4775
4775
4776
4776
4777
4778
4780
4782
4785
4786
4787
4787
4787
4788
4789
4789
4789
4790
4790
4791
4791
4792
4793
4793
4793
4794
4794
4794
4796
4798
4799
4800
4801
4802
4802
4806
4806
4806
4806
4806
4808
4809
4810
4811
4812
4813
4813
4813
4813
4815
4816
4817
4817
4819
4820
4821
4821
4823
4823
4823
4824
4824
4824
4825
4828
4829
4830
4831
4832
4833
4833
4834
4834
4835
4836
4837
4838
4839
4839
4841
4842
4843
4846
4847
4850
4853
4854
4854
4855
4856
4857
4862
4862
4862
4863
4864
4866
4867
4868
4871
4872
4873
4874
4874
4874
4875
4877
4878
4878
4880
4882
4883
4884
4884
4885
4887
4887
4888
4888
4889
4890
4890
4890
4892
4892
4892
4892
4893
4894
4895
4895
4896
4900
4900
4902
4902
4903
4903
4904
4905
4906
4906
4907
4907
4909
4909
4909
4909
4911
4912
4912
4913
4914
4914
4915
4917
4917
4917
4918
4920
4924
4924
4925
4928
4930
4931
4933
4935
4937
4937
4941
4942
4943
4943
4944
4948
4951
4951
4952
4953
4954
4954
4956
4956
4956
4957
4957
4957
4957
4958
4959
4960
4960
4963
4965
4965
4965
4965
4967
4968
4969
4972
4973
4973
4973
4973
4974
4977
4978
4980
4983
4983
4984
4984
4985
4987
4989
4989
4990
4992
4993
4993
4995
4995
4995
4995
4995
4996
4996
4996
4997
4997
4998
4999
5000
5001
5003
5003
5004
5004
5007
5008
5008
5010
5011
5012
5013
5013
5014
5014
5015
5017
5017
5018
5018
5020
5020
5020
5021
5021
5021
5023
5023
5027
5028
5030
5035
5035
5036
5041
5041
5042
5043
5043
5044
5046
5049
5050
5050
5051
5052
5053
5053
5054
5057
5058
5059
5059
5063
5064
5064
5065
5065
5066
5066
5067
5070
5070
5071
5073
5074
5074
5077
5078
5079
5080
5083
5084
5086
5089
5090
5091
5091
5092
5093
5094
5095
5096
5096
5098
5098
5098
5098
5099
5100
5100
5103
5103
5106
5106
5106
5111
5111
5111
5113
5113
5113
5114
5118
5118
5119
5121
5123
5123
5127
5129
5129
5129
5130
5131
5132
5133
5133
5134
5134
5134
5137
5139
5144
5144
5144
5145
5146
5146
5148
5153
5153
5153
5157
5159
5159
5161
5163
5165
5166
5167
5167
5168
5169
5173
5174
5175
5176
5176
5177
5178
5179
5179
5180
5180
5181
5182
5183
5183
5184
5185
5185
5186
5186
5186
5187
5187
5190
5193
5197
5197
5198
5199
5200
5201
5204
5204
5205
5206
5207
5207
5210
5212
5216
5216
5218
5219
5223
5223
5224
5224
5224
5225
5225
5225
5226
5229
5230
5231
5232
5233
5234
5235
5236
5238
5240
5240
5243
5244
5245
5247
5253
5254
5254
5254
5254
5255
5255
5256
5256
5256
5257
5259
5259
5259
5261
5262
5267
5269
5272
5273
5273
5275
5278
5278
5279
5279
5280
5280
5281
5282
5283
5283
5283
5285
5287
5288
5289
5291
5293
5294
5295
5296
5297
5299
5301
5304
5305
5306
5308
5309
5309
5309
5309
5310
5311
5312
5313
5313
5313
5313
5313
5314
5316
5318
5318
5319
5320
5321
5322
5323
5323
5323
5323
5324
5324
5325
5327
5328
5329
5331
5334
5335
5335
5336
5336
5336
5337
5339
5340
5340
5341
5343
5344
5345
5345
5345
5346
5347
5347
5347
5347
5349
5350
5350
5352
5352
5352
5353
5353
5354
5354
5355
5356
5356
5357
5357
5359
5360
5361
5361
5361
5362
5363
5364
5365
5365
5365
5366
5367
5369
5370
5370
5371
5371
5372
5372
5374
5375
5377
5378
5379
5379
5381
5382
5384
5385
5385
5385
5387
5387
5389
5389
5390
5394
5395
5396
5396
5397
5398
5399
5401
5401
5402
5402
5403
5403
5404
5404
5407
5409
5409
5409
5410
5411
5411
5415
5417
5418
5419
5419
5420
5420
5421
5421
5422
5423
5424
5424
5426
5428
5428
5429
5429
5431
5432
5434
5435
5439
5439
5440
5441
5441
5442
5444
5444
5445
5445
5448
5449
5451
5451
5451
5452
5454
5455
5457
5458
5458
5460
5462
5465
5466
5467
5470
5471
5471
5471
5472
5472
5473
5473
5474
5479
5479
5480
5480
5482
5483
5485
5485
5488
5490
5491
5491
5491
5492
5494
5494
5495
5497
5497
5498
5499
5501
5503
5504
5505
5508
5509
5510
5512
5513
5513
5514
5514
5515
5516
5521
5521
5522
5523
5523
5524
5525
5525
5528
5528
5529
5529
5529
5532
5534
5536
5538
5539
5540
5540
5541
5542
5544
5546
5546
5548
5549
5550
5551
5552
5552
5553
5553
5553
5553
5554
5555
5556
5559
5559
5560
5561
5561
5561
5561
5562
5562
5563
5565
5565
5566
5567
5568
5569
5570
5570
5570
5571
5572
5574
5576
5578
5580
5580
5582
5584
5584
5585
5586
5586
5589
5589
5591
5592
5593
5595
5597
5597
5597
5598
5598
5600
5600
5600
5600
5606
5609
5611
5613
5614
5615
5615
5617
5617
5618
5618
5619
5619
5622
5622
5622
5623
5624
5625
5625
5627
5629
5630
5630
5630
5630
5631
5632
5633
5635
5636
5638
5639
5641
5642
5643
5645
5646
5652
5652
5653
5653
5657
5659
5660
5665
5666
5666
5668
5672
5674
5676
5678
5679
5680
5682
5682
5682
5682
5684
5685
5686
5689
5690
5691
5692
5692
5692
5696
5696
5696
5699
5700
5702
5707
5709
5710
5710
5710
5711
5711
5713
5713
5714
5715
5715
5717
5719
5720
5725
5725
5725
5726
5727
5727
5728
5729
5730
5730
5732
5733
5733
5734
5734
5734
5740
5741
5741
5741
5743
5743
5746
5747
5748
5751
5751
5752
5754
5754
5754
5754
5755
5756
5757
5758
5758
5759
5761
5763
5764
5764
5764
5766
5766
5767
5767
5767
5768
5772
5773
5773
5776
5780
5781
5781
5781
5783
5784
5784
5785
5785
5786
5786
5786
5786
5786
5787
5787
5787
5789
5790
5790
5791
5796
5797
5797
5797
5797
5797
5797
5797
5798
5798
5799
5799
5802
5802
5805
5806
5806
5806
5807
5807
5808
5810
5811
5811
5812
5813
5813
5813
5814
5815
5816
5816
5817
5819
5822
5824
5825
5826
5827
5828
5830
5831
5832
5833
5833
5834
5834
5837
5838
5839
5839
5839
5839
5841
5841
5843
5844
5847
5847
5849
5850
5850
5854
5855
5858
5860
5860
5860
5861
5861
5863
5865
5865
5869
5869
5869
5870
5872
5873
5873
5874
5876
5880
5881
5881
5881
5883
5884
5885
5886
5888
5889
5891
5892
5892
5894
5896
5896
5896
5896
5900
5901
5904
5904
5904
5904
5907
5907
5908
5909
5911
5911
5911
5912
5912
5914
5914
5914
5915
5919
5920
5920
5920
5921
5921
5921
5923
5923
5924
5924
5924
5924
5925
5927
5927
5928
5929
5930
5933
5933
5933
5935
5936
5936
5937
5937
5938
5939
5940
5941
5941
5943
5946
5946
5946
5948
5949
5950
5951
5952
5952
5952
5952
5954
5954
5954
5954
5954
5955
5955
5957
5957
5957
5958
5958
5958
5958
5960
5961
5962
5968
5969
5969
5970
5971
5971
5972
5973
5973
5974
5974
5977
5979
5979
5983
5983
5984
5986
5987
5989
5991
5991
5996
5997
5997
5997
5999
6001
6002
6008
6014
6015
6016
6017
6021
6021
6022
6023
6025
6025
6031
6031
6031
6032
6032
6033
6034
6037
6038
6040
6040
6042
6042
6043
6048
6049
6049
6049
6049
6052
6053
6056
6057
6060
6062
6063
6064
6064
6066
6067
6067
6068
6071
6072
6073
6074
6077
6081
6081
6081
6081
6081
6082
6086
6087
6090
6091
6091
6093
6094
6095
6095
6095
6097
6098
6098
6099
6100
6101
6102
6105
6106
6106
6106
6108
6109
6109
6110
6112
6113
6113
6114
6115
6116
6117
6118
6120
6120
6122
6124
6126
6127
6127
6128
6128
6129
6133
6134
6134
6134
6135
6138
6141
6144
6144
6145
6148
6152
6152
6152
6153
6153
6154
6156
6156
6157
6157
6158
6159
6159
6160
6160
6162
6162
6163
6165
6166
6167
6168
6169
6169
6170
6173
6173
6173
6175
6177
6177
6178
6178
6179
6181
6182
6182
6185
6185
6186
6187
6187
6188
6188
6189
6189
6189
6190
6190
6190
6191
6191
6193
6193
6196
6197
6198
6198
6200
6201
6202
6204
6206
6206
6207
6207
6208
6209
6213
6213
6215
6216
6216
6218
6219
6219
6219
6220
6221
6223
6223
6223
6224
6226
6227
6227
6227
6228
6229
6229
6229
6229
6230
6231
6233
6235
6236
6237
6237
6240
6240
6242
6242
6242
6243
6245
6245
6245
6245
6246
6248
6248
6248
6250
6250
6252
6253
6254
6254
6254
6255
6256
6257
6258
6260
6263
6263
6265
6266
6267
6267
6269
6270
6271
6271
6271
6272
6273
6273
6273
6274
6275
6279
6279
6281
6284
6286
6287
6288
6289
6290
6291
6291
6292
6293
6294
6294
6294
6296
6296
6299
6300
6301
6302
6303
6305
6305
6309
6309
6310
6311
6312
6312
6313
6315
6315
6319
6319
6320
6321
6321
6321
6322
6324
6324
6326
6326
6327
6333
6336
6337
6338
6338
6339
6340
6342
6343
6344
6345
6345
6345
6346
6346
6347
6349
6350
6351
6351
6351
6352
6352
6352
6354
6354
6355
6356
6356
6357
6357
6359
6364
6364
6366
6368
6368
6369
6371
6372
6372
6372
6374
6374
6375
6375
6376
6377
6377
6378
6378
6382
6382
6383
6383
6384
6384
6385
6386
6387
6388
6388
6389
6392
6393
6393
6394
6394
6395
6396
6398
6401
6401
6404
6404
6406
6406
6408
6409
6411
6411
6411
6413
6415
6416
6416
6418
6418
6419
6419
6421
6421
6421
6423
6424
6424
6425
6425
6426
6426
6428
6429
6430
6432
6433
6433
6433
6435
6435
6436
6436
6438
6439
6439
6440
6442
6442
6442
6444
6444
6445
6445
6447
6449
6449
6452
6452
6454
6454
6455
6457
6457
6457
6459
6459
6459
6459
6461
6462
6463
6463
6466
6467
6468
6468
6468
6470
6473
6476
6476
6477
6477
6478
6478
6481
6482
6483
6483
6485
6485
6488
6489
6490
6491
6492
6493
6495
6497
6498
6498
6500
6502
6502
6503
6505
6505
6510
6510
6511
6511
6512
6513
6514
6515
6516
6516
6516
6517
6517
6518
6518
6519
6519
6519
6520
6520
6522
6524
6525
6526
6527
6527
6528
6529
6530
6531
6531
6531
6533
6533
6533
6534
6534
6534
6534
6536
6538
6539
6539
6540
6540
6542
6542
6545
6545
6546
6546
6547
6548
6548
6549
6552
6554
6555
6555
6555
6558
6560
6560
6561
6561
6564
6565
6565
6566
6566
6567
6568
6569
6570
6571
6571
6572
6579
6581
6581
6582
6583
6583
6583
6583
6584
6586
6587
6588
6589
6591
6591
6591
6592
6593
6595
6597
6597
6598
6601
6603
6603
6605
6608
6609
6611
6614
6614
6614
6616
6617
6619
6619
6620
6621
6621
6621
6623
6623
6623
6623
6624
6624
6626
6628
6629
6629
6629
6629
6629
6631
6632
6633
6636
6636
6637
6640
6640
6642
6644
6648
6648
6648
6649
6651
6651
6652
6652
6653
6654
6656
6656
6660
6660
6662
6662
6663
6664
6665
6665
6666
6668
6669
6670
6671
6672
6673
6674
6677
6677
6677
6677
6678
6678
6678
6678
6679
6680
6680
6680
6681
6683
6684
6686
6688
6688
6689
6690
6691
6692
6696
6698
6698
6704
6705
6706
6706
6707
6708
6708
6709
6709
6709
6710
6710
6711
6712
6712
6713
6714
6714
6715
6715
6715
6717
6717
6718
6719
6720
6722
6722
6724
6724
6728
6728
6728
6729
6730
6731
6731
6732
6733
6733
6734
6734
6735
6735
6736
6737
6738
6738
6739
6739
6741
6750
6750
6751
6754
6754
6755
6756
6757
6757
6757
6758
6759
6761
6762
6765
6767
6767
6768
6769
6772
6775
6776
6777
6777
6779
6779
6781
6784
6786
6789
6789
6789
6794
6795
6795
6797
6798
6798
6798
6799
6800
6800
6801
6802
6804
6805
6806
6808
6809
6812
6812
6812
6818
6818
6819
6819
6819
6819
6823
6823
6824
6826
6827
6827
6828
6828
6830
6831
6831
6832
6833
6835
6835
6836
6836
6836
6836
6837
6838
6840
6841
6842
6842
6843
6847
6848
6850
6850
6851
6852
6853
6854
6854
6854
6854
6855
6857
6857
6858
6860
6860
6861
6862
6863
6864
6868
6869
6869
6870
6872
6874
6874
6874
6875
6876
6877
6877
6878
6878
6878
6878
6879
6882
6882
6882
6883
6884
6884
6884
6886
6886
6886
6887
6887
6887
6888
6888
6890
6892
6892
6892
6893
6894
6894
6895
6896
6897
6897
6897
6898
6898
6899
6900
6900
6900
6902
6902
6902
6903
6903
6904
6905
6907
6909
6912
6912
6915
6915
6915
6916
6917
6918
6919
6922
6926
6927
6927
6929
6929
6929
6930
6933
6934
6935
6936
6938
6938
6941
6942
6942
6942
6946
6947
6947
6951
6952
6954
6955
6957
6960
6962
6963
6963
6964
6964
6965
6965
6968
6969
6971
6973
6974
6976
6977
6977
6979
6980
6981
6982
6982
6983
6985
6985
6988
6992
6992
6992
6993
6994
6996
6996
6997
6997
6997
6999
7000
7001
7003
7003
7004
7004
7005
7005
7008
7009
7009
7012
7013
7015
7015
7015
7015
7016
7016
7017
7018
7018
7020
7021
7021
7023
7023
7023
7024
7024
7025
7026
7026
7026
7027
7029
7030
7030
7031
7032
7033
7033
7033
7035
7036
7037
7039
7042
7042
7047
7048
7050
7052
7052
7053
7055
7055
7056
7056
7058
7058
7058
7061
7064
7064
7065
7066
7067
7068
7068
7068
7068
7069
7070
7070
7071
7071
7071
7074
7074
7074
7076
7077
7077
7079
7079
7080
7082
7082
7082
7082
7083
7085
7085
7087
7090
7092
7093
7094
7095
7096
7098
7098
7099
7100
7101
7101
7102
7102
7102
7105
7107
7107
7108
7108
7108
7109
7110
7110
7110
7111
7112
7114
7115
7116
7117
7117
7117
7118
7118
7119
7121
7121
7123
7124
7125
7127
7130
7131
7133
7136
7137
7138
7138
7138
7139
7141
7143
7149
7151
7152
7152
7153
7153
7154
7155
7156
7158
7158
7159
7161
7161
7163
7164
7164
7165
7167
7167
7168
7168
7168
7170
7171
7172
7174
7174
7174
7175
7176
7177
7179
7180
7180
7180
7180
7180
7182
7184
7185
7185
7185
7187
7187
7190
7190
7190
7190
7192
7193
7195
7198
7198
7198
7198
7199
7199
7199
7200
7201
7201
7201
7203
7203
7205
7205
7206
7208
7210
7210
7211
7212
7212
7212
7212
7213
7213
7213
7214
7214
7214
7214
7215
7216
7218
7220
7221
7221
7222
7224
7224
7225
7226
7227
7228
7229
7237
7238
7239
7239
7243
7243
7244
7245
7247
7247
7248
7250
7251
7251
7252
7253
7253
7255
7255
7256
7256
7256
7256
7258
7258
7259
7259
7260
7261
7262
7264
7264
7266
7267
7269
7269
7270
7271
7273
7274
7277
7277
7278
7278
7279
7279
7280
7282
7282
7284
7284
7285
7286
7287
7289
7289
7292
7292
7292
7292
7292
7292
7293
7295
7296
7296
7296
7296
7297
7298
7298
7298
7298
7299
7299
7300
7301
7305
7305
7307
7307
7308
7309
7311
7312
7313
7314
7314
7315
7316
7316
7317
7318
7318
7318
7318
7319
7321
7321
7321
7323
7323
7325
7327
7327
7329
7330
7330
7331
7331
7332
7334
7334
7336
7337
7338
7339
7339
7342
7344
7346
7347
7348
7349
7350
7351
7351
7353
7353
7353
7354
7356
7357
7358
7358
7361
7363
7364
7367
7368
7368
7368
7369
7369
7371
7371
7373
7373
7374
7376
7378
7379
7379
7379
7380
7381
7382
7383
7383
7384
7385
7388
7390
7392
7393
7393
7393
7394
7394
7395
7395
7395
7395
7399
7400
7400
7402
7402
7402
7403
7403
7405
7406
7411
7411
7412
7414
7414
7417
7417
7417
7419
7420
7421
7423
7423
7424
7425
7425
7426
7426
7427
7427
7428
7428
7428
7430
7431
7431
7435
7436
7436
7437
7438
7439
7440
7440
7441
7443
7445
7445
7446
7447
7448
7450
7452
7452
7453
7454
7455
7455
7456
7456
7457
7457
7458
7458
7458
7460
7460
7461
7461
7462
7462
7463
7463
7463
7466
7466
7467
7467
7470
7470
7474
7474
7476
7476
7476
7476
7476
7476
7478
7480
7482
7485
7486
7487
7487
7487
7489
7489
7489
7489
7490
7491
7492
7492
7493
7494
7494
7495
7495
7496
7498
7498
7498
7501
7501
7502
7503
7504
7505
7505
7505
7506
7508
7508
7510
7510
7510
7511
7511
7512
7516
7517
7518
7518
7519
7520
7520
7520
7523
7523
7523
7523
7524
7524
7525
7526
7526
7527
7527
7528
7529
7529
7530
7530
7531
7532
7534
7534
7534
7534
7537
7537
7540
7541
7541
7541
7542
7542
7542
7544
7545
7545
7547
7547
7549
7549
7550
7554
7554
7556
7556
7558
7559
7560
7561
7565
7566
7566
7567
7568
7569
7569
7569
7570
7571
7573
7574
7576
7576
7578
7580
7580
7581
7582
7583
7586
7586
7588
7588
7588
7588
7590
7592
7594
7594
7594
7594
7595
7595
7595
7596
7596
7597
7598
7599
7600
7601
7602
7603
7603
7604
7605
7607
7609
7612
7616
7617
7619
7620
7620
7620
7621
7623
7623
7623
7626
7627
7629
7630
7631
7633
7635
7637
7639
7641
7641
7641
7643
7643
7644
7646
7646
7648
7648
7650
7650
7650
7651
7651
7651
7654
7655
7655
7658
7660
7661
7664
7664
7665
7665
7666
7666
7668
7670
7670
7670
7672
7673
7677
7677
7677
7678
7678
7679
7680
7680
7681
7681
7682
7682
7684
7685
7685
7686
7688
7689
7689
7689
7690
7691
7694
7695
7695
7695
7696
7697
7697
7697
7699
7700
7702
7703
7703
7703
7704
7705
7707
7708
7708
7708
7708
7709
7709
7711
7711
7711
7711
7712
7712
7712
7716
7718
7718
7719
7720
7722
7722
7722
7723
7723
7725
7726
7727
7727
7727
7728
7729
7729
7729
7731
7732
7733
7734
7735
7736
7736
7736
7737
7738
7738
7738
7739
7739
7739
7740
7740
7742
7744
7744
7749
7750
7751
7754
7756
7757
7758
7758
7760
7761
7762
7763
7766
7766
7767
7768
7768
7768
7769
7770
7771
7773
7775
7777
7777
7778
7779
7779
7779
7780
7780
7782
7782
7784
7786
7787
7787
7789
7790
7790
7791
7792
7792
7793
7794
7795
7795
7796
7796
7796
7797
7799
7802
7802
7803
7803
7806
7807
7808
7810
7813
7813
7813
7814
7814
7815
7816
7818
7821
7821
7821
7822
7822
7825
7828
7828
7829
7830
7831
7831
7832
7833
7835
7836
7837
7837
7841
7841
7842
7842
7843
7844
7844
7844
7845
7847
7851
7851
7851
7852
7852
7855
7857
7858
7859
7859
7860
7861
7862
7863
7864
7865
7867
7869
7872
7872
7872
7873
7874
7874
7874
7878
7878
7878
7879
7880
7882
7882
7883
7883
7885
7886
7886
7886
7886
7886
7887
7887
7888
7891
7892
7892
7893
7894
7896
7896
7897
7898
7900
7901
7901
7902
7902
7903
7903
7905
7905
7907
7907
7908
7909
7910
7911
7912
7912
7913
7914
7915
7916
7916
7919
7920
7922
7922
7922
7923
7924
7924
7924
7932
7935
7936
7938
7940
7940
7940
7941
7941
7943
7945
7945
7946
7946
7947
7948
7948
7948
7951
7951
7952
7953
7953
7954
7956
7956
7956
7958
7959
7960
7961
7961
7962
7962
7963
7965
7966
7967
7968
7968
7970
7971
7972
7972
7972
7972
7973
7975
7975
7977
7978
7979
7982
7985
7986
7987
7988
7991
7994
7994
7994
7996
7996
7996
7996
7997
7998
7998
8000
8002
8002
8003
8003
8004
8006
8006
8006
8008
8009
8009
8013
8013
8014
8015
8016
8016
8019
8020
8021
8022
8022
8023
8025
8025
8025
8026
8026
8028
8029
8029
8033
8033
8034
8034
8034
8037
8038
8038
8038
8038
8039
8039
8040
8040
8040
8040
8043
8043
8044
8044
8046
8047
8048
8048
8049
8051
8051
8052
8052
8053
8054
8056
8056
8058
8058
8060
8063
8063
8064
8068
8070
8071
8073
8074
8075
8076
8077
8077
8078
8081
8082
8083
8084
8084
8084
8085
8085
8085
8086
8087
8087
8088
8088
8090
8091
8092
8093
8096
8098
8098
8098
8099
8100
8101
8102
8103
8106
8108
8110
8110
8114
8114
8114
8115
8115
8118
8119
8119
8120
8120
8121
8122
8125
8126
8126
8127
8129
8130
8131
8131
8131
8132
8132
8132
8132
8132
8133
8133
8133
8136
8138
8141
8141
8142
8144
8144
8149
8150
8159
8159
8159
8159
8161
8161
8165
8168
8168
8169
8169
8169
8171
8171
8172
8173
8175
8177
8177
8178
8178
8178
8179
8180
8181
8182
8182
8184
8186
8187
8188
8190
8191
8192
8192
8193
8193
8194
8195
8195
8195
8197
8197
8198
8199
8201
8203
8203
8206
8206
8206
8206
8209
8211
8212
8214
8215
8216
8217
8218
8218
8223
8224
8224
8224
8227
8228
8228
8229
8229
8231
8232
8232
8233
8233
8234
8235
8235
8235
8236
8237
8237
8238
8239
8240
8241
8241
8241
8243
8243
8244
8245
8247
8250
8252
8252
8253
8253
8254
8256
8256
8257
8258
8259
8259
8260
8260
8264
8265
8266
8267
8267
8268
8268
8270
8270
8270
8272
8272
8274
8277
8277
8277
8278
8279
8280
8282
8282
8284
8285
8285
8288
8291
8291
8293
8294
8295
8295
8296
8297
8297
8298
8300
8301
8302
8303
8303
8304
8305
8310
8311
8311
8314
8315
8316
8317
8319
8319
8319
8320
8321
8322
8323
8323
8325
8327
8328
8329
8329
8330
8331
8331
8331
8331
8331
8333
8333
8333
8333
8335
8336
8336
8337
8337
8338
8338
8338
8338
8339
8340
8340
8341
8342
8342
8343
8346
8347
8348
8348
8349
8350
8350
8350
8354
8356
8357
8358
8359
8360
8360
8363
8363
8364
8366
8366
8366
8368
8369
8371
8372
8372
8373
8374
8376
8377
8378
8379
8380
8380
8382
8383
8391
8392
8392
8395
8396
8396
8397
8398
8401
8401
8402
8403
8406
8408
8409
8409
8411
8412
8412
8414
8417
8417
8418
8419
8420
8420
8420
8420
8420
8422
8423
8423
8423
8424
8424
8425
8426
8426
8428
8428
8429
8429
8430
8433
8433
8434
8435
8436
8436
8437
8437
8439
8439
8439
8440
8441
8441
8441
8443
8443
8444
8444
8444
8445
8445
8446
8446
8447
8448
8448
8449
8449
8450
8450
8451
8451
8451
8452
8453
8454
8455
8456
8456
8457
8458
8459
8459
8460
8460
8461
8462
8462
8463
8464
8464
8464
8465
8467
8470
8471
8471
8471
8472
8476
8476
8477
8477
8478
8479
8480
8480
8482
8482
8483
8483
8486
8486
8486
8488
8488
8490
8491
8492
8492
8493
8494
8495
8497
8498
8498
8500
8504
8510
8511
8512
8513
8517
8517
8518
8519
8521
8521
8521
8522
8523
8523
8525
8525
8526
8526
8526
8526
8527
8527
8528
8532
8532
8533
8533
8535
8537
8539
8539
8540
8542
8542
8543
8544
8544
8544
8547
8552
8555
8555
8556
8559
8559
8559
8562
8562
8562
8563
8563
8564
8565
8565
8566
8568
8569
8569
8571
8571
8572
8573
8573
8573
8574
8575
8576
8577
8578
8578
8578
8578
8579
8580
8580
8581
8581
8582
8583
8585
8585
8586
8586
8587
8589
8589
8589
8590
8591
8592
8592
8593
8593
8593
8593
8594
8595
8597
8597
8597
8598
8598
8598
8600
8601
8601
8601
8602
8604
8604
8604
8605
8607
8609
8609
8611
8613
8613
8614
8615
8616
8618
8618
8618
8619
8619
8619
8620
8624
8624
8625
8626
8626
8627
8627
8628
8630
8631
8633
8633
8634
8634
8637
8638
8640
8640
8640
8641
8645
8645
8645
8646
8646
8646
8646
8647
8647
8648
8648
8648
8651
8652
8653
8657
8657
8658
8658
8660
8664
8664
8664
8666
8666
8666
8668
8670
8670
8670
8671
8672
8674
8674
8674
8675
8675
8676
8677
8677
8677
8678
8680
8681
8681
8682
8683
8683
8685
8687
8687
8688
8689
8690
8691
8692
8693
8694
8696
8697
8698
8699
8699
8701
8703
8704
8705
8706
8708
8708
8709
8709
8709
8709
8711
8712
8713
8713
8714
8714
8715
8715
8715
8715
8716
8716
8716
8717
8717
8718
8721
8721
8722
8723
8723
8725
8725
8727
8728
8729
8731
8732
8732
8734
8735
8735
8736
8738
8739
8740
8741
8741
8742
8742
8743
8743
8744
8747
8747
8748
8749
8749
8749
8750
8750
8750
8751
8751
8753
8753
8754
8755
8756
8756
8759
8760
8761
8761
8762
8762
8763
8763
8763
8764
8764
8765
8766
8766
8768
8769
8769
8770
8770
8772
8773
8774
8775
8776
8778
8779
8780
8781
8782
8784
8784
8785
8786
8788
8790
8790
8790
8792
8793
8795
8796
8796
8800
8801
8802
8803
8804
8805
8805
8806
8808
8808
8809
8813
8813
8814
8816
8817
8817
8818
8818
8822
8823
8823
8823
8824
8825
8825
8826
8826
8826
8826
8828
8829
8829
8829
8829
8830
8830
8834
8834
8835
8836
8836
8837
8838
8838
8839
8839
8839
8839
8841
8842
8842
8845
8846
8847
8848
8848
8849
8850
8851
8852
8853
8854
8854
8855
8858
8858
8862
8862
8863
8866
8867
8868
8868
8869
8870
8872
8874
8875
8875
8877
8878
8878
8879
8880
8880
8882
8883
8884
8884
8884
8884
8885
8885
8886
8887
8887
8890
8892
8893
8894
8896
8901
8902
8902
8903
8904
8906
8906
8910
8910
8911
8912
8912
8913
8913
8914
8914
8915
8915
8916
8920
8921
8921
8922
8923
8928
8931
8931
8931
8931
8933
8934
8935
8936
8938
8938
8938
8939
8942
8944
8944
8945
8948
8949
8951
8951
8954
8955
8956
8958
8959
8960
8960
8960
8960
8961
8963
8963
8966
8966
8967
8967
8969
8970
8971
8971
8972
8974
8975
8975
8977
8979
8979
8980
8984
8984
8984
8988
8989
8989
8992
8994
8995
8995
8998
8999
8999
8999
9000
9002
9003
9005
9005
9006
9007
9008
9009
9010
9011
9012
9014
9014
9015
9016
9016
9019
9019
9020
9022
9023
9025
9027
9028
9028
9028
9029
9029
9031
9031
9033
9034
9036
9036
9039
9040
9041
9043
9043
9044
9045
9046
9046
9047
9048
9050
9053
9053
9054
9055
9055
9055
9058
9060
9061
9062
9062
9064
9064
9064
9064
9067
9067
9068
9068
9070
9070
9072
9076
9078
9079
9081
9082
9084
9085
9085
9085
9086
9087
9087
9088
9089
9090
9091
9091
9093
9094
9094
9094
9097
9099
9100
9100
9101
9104
9104
9104
9106
9106
9106
9107
9109
9112
9112
9113
9113
9113
9114
9116
9117
9118
9118
9119
9119
9120
9120
9122
9122
9123
9123
9123
9124
9125
9126
9127
9127
9132
9132
9134
9135
9136
9138
9139
9140
9140
9141
9142
9143
9143
9144
9145
9146
9146
9146
9148
9150
9151
9154
9154
9154
9154
9155
9156
9157
9160
9160
9163
9164
9164
9164
9165
9165
9166
9166
9167
9167
9168
9168
9170
9171
9171
9171
9172
9172
9176
9176
9177
9180
9180
9182
9183
9184
9186
9186
9189
9189
9190
9190
9193
9194
9195
9196
9200
9200
9200
9200
9201
9202
9204
9205
9206
9207
9208
9208
9209
9210
9210
9210
9210
9211
9212
9212
9212
9213
9214
9215
9216
9216
9217
9218
9219
9221
9223
9224
9224
9224
9224
9224
9224
9225
9225
9226
9227
9229
9229
9229
9230
9230
9230
9231
9232
9233
9235
9236
9238
9239
9239
9239
9240
9240
9241
9241
9241
9243
9244
9245
9245
9245
9246
9247
9247
9248
9248
9249
9250
9250
9252
9253
9254
9255
9255
9255
9256
9259
9259
9261
9262
9262
9262
9262
9263
9264
9265
9268
9271
9271
9273
9273
9274
9274
9276
9277
9277
9277
9278
9280
9281
9286
9287
9290
9292
9292
9293
9293
9294
9296
9298
9298
9299
9307
9307
9308
9309
9312
9313
9314
9314
9314
9315
9316
9316
9316
9316
9319
9320
9322
9322
9323
9324
9326
9326
9326
9326
9327
9330
9332
9333
9334
9334
9335
9337
9338
9338
9340
9340
9340
9344
9345
9346
9347
9349
9349
9351
9351
9351
9353
9353
9354
9356
9356
9358
9359
9360
9361
9362
9363
9365
9366
9367
9368
9370
9370
9370
9375
9376
9376
9376
9376
9376
9378
9379
9380
9383
9383
9387
9387
9389
9391
9392
9396
9398
9399
9399
9400
9400
9401
9402
9402
9407
9408
9409
9411
9411
9411
9412
9414
9415
9415
9417
9417
9417
9418
9419
9420
9424
9425
9425
9428
9428
9429
9430
9430
9430
9431
9431
9432
9434
9435
9435
9435
9435
9436
9437
9438
9439
9440
9441
9441
9441
9444
9444
9444
9444
9446
9446
9446
9447
9447
9448
9449
9449
9452
9453
9453
9453
9454
9456
9456
9457
9459
9459
9459
9460
9461
9462
9462
9462
9463
9463
9463
9465
9466
9467
9467
9467
9468
9469
9470
9471
9471
9472
9472
9473
9473
9473
9473
9474
9475
9477
9477
9478
9480
9480
9483
9483
9485
9485
9487
9487
9488
9488
9489
9489
9489
9491
9491
9494
9494
9495
9497
9497
9498
9498
9499
9500
9500
9501
9503
9503
9504
9507
9509
9510
9510
9511
9512
9514
9516
9516
9517
9517
9518
9518
9518
9519
9520
9520
9521
9522
9523
9526
9528
9529
9530
9530
9530
9531
9532
9534
9536
9538
9538
9538
9539
9540
9541
9543
9543
9544
9544
9545
9546
9546
9546
9546
9547
9551
9553
9553
9553
9553
9554
9555
9555
9556
9556
9556
9556
9556
9557
9557
9558
9559
9560
9560
9563
9563
9564
9564
9564
9565
9566
9567
9569
9569
9570
9570
9571
9571
9576
9577
9578
9579
9581
9583
9585
9585
9586
9587
9588
9589
9589
9589
9590
9591
9592
9592
9593
9594
9594
9594
9596
9596
9596
9597
9597
9599
9601
9605
9605
9605
9606
9608
9608
9609
9610
9612
9613
9614
9617
9617
9617
9618
9619
9619
9620
9620
9621
9622
9622
9623
9623
9623
9624
9624
9625
9626
9630
9632
9632
9633
9635
9636
9639
9639
9639
9639
9641
9641
9644
9644
9644
9648
9648
9650
9650
9650
9652
9652
9653
9654
9654
9654
9657
9661
9661
9663
9663
9664
9666
9666
9666
9667
9668
9669
9670
9670
9672
9673
9673
9676
9676
9678
9680
9681
9682
9683
9683
9683
9684
9686
9686
9687
9687
9688
9688
9689
9690
9698
9698
9698
9698
9702
9704
9704
9706
9707
9709
9709
9710
9711
9712
9713
9714
9717
9717
9717
9718
9718
9719
9721
9722
9722
9722
9723
9724
9725
9725
9725
9727
9730
9731
9731
9733
9734
9734
9734
9735
9735
9735
9735
9736
9737
9738
9738
9740
9740
9741
9741
9741
9742
9742
9743
9744
9745
9745
9747
9749
9749
9750
9750
9750
9750
9750
9751
9751
9751
9752
9754
9755
9757
9757
9759
9760
9761
9762
9762
9764
9765
9767
9768
9769
9772
9772
9772
9773
9773
9775
9775
9776
9778
9779
9780
9780
9780
9785
9785
9786
9787
9789
9789
9794
9794
9795
9796
9797
9797
9801
9802
9802
9802
9803
9804
9804
9804
9805
9806
9806
9808
9808
9810
9812
9814
9815
9816
9816
9816
9817
9819
9819
9820
9820
9820
9820
9820
9820
9821
9821
9821
9822
9823
9824
9825
9825
9827
9827
9828
9829
9833
9833
9835
9836
9836
9836
9836
9837
9837
9839
9842
9842
9845
9845
9848
9853
9856
9860
9861
9861
9862
9863
9863
9863
9865
9865
9865
9868
9872
9874
9876
9877
9877
9878
9878
9881
9882
9882
9885
9885
9886
9886
9888
9888
9890
9890
9890
9891
9892
9893
9893
9893
9894
9896
9896
9896
9897
9897
9900
9900
9900
9901
9903
9905
9908
9909
9909
9909
9910
9913
9914
9916
9919
9920
9921
9922
9922
9923
9923
9923
9924
9925
9928
9928
9928
9928
9928
9929
9932
9933
9934
9937
9937
9938
9938
9939
9939
9939
9939
9941
9945
9945
9946
9948
9949
9949
9949
9950
9952
9953
9954
9957
9957
9958
9959
9960
9961
9963
9963
9963
9963
9964
9964
9965
9970
9971
9973
9974
9974
9976
9976
9976
9977
9979
9981
9981
9981
9983
9983
9985
9988
9988
9989
9989
9989
9990
9990
9991
9991
9993
9993
9994
9995
9995
9995
9996
9998
9999
9999
9999
